ORG Protein,ORG Ligand,ORG Residue,ORG Residue Number,ORG Residue Atom,ORG Distance,ORG Score,ORG Drug X,ORG Drug Y,ORG Drug Z,MUT Protein,MUT Ligand,MUT Residue,MUT Residue Number,MUT Residue Atom,MUT Distance,MUT Score,MUT Drug X,MUT Drug Y,MUT Drug Z
T1067_Target,ECMDB00045,THR,150,CA,5.126849805683919,-6.4,51.124481481481475,32.38718518518519,5.866185185185185,T1067_AlphaFold,ECMDB00045,THR,150,CA,6.944756599996587,-7.0,-12.66448148148148,-3.314962962962963,2.4156666666666666
T1067_Target,ECMDB00048,GLY,179,CA,4.71961705619514,-6.4,61.34474193548389,24.987,-7.28816129032258,T1067_AlphaFold,ECMDB00048,GLY,179,CA,11.921715740866972,-7.0,-12.578322580645159,-3.786387096774193,1.4501290322580644
T1067_Target,ECMDB00055,MET,51,CA,5.384591118460842,-6.4,65.05429032258064,34.61193548387096,-8.583806451612904,T1067_AlphaFold,ECMDB00055,MET,51,CA,20.96239651749064,-7.1,-12.597354838709679,-3.637483870967743,2.644903225806453
T1067_Target,ECMDB00058,SER,164,CA,4.702270470315373,-7.2,62.455,21.345519999999997,-7.56984,T1067_AlphaFold,ECMDB00058,SER,164,CA,9.003326792958255,-7.1,-2.62356,9.58424,3.1926399999999995
T1067_Target,ECMDB00061,SER,164,CA,5.353315911656999,-7.0,63.75116666666666,21.79806666666667,-8.142133333333332,T1067_AlphaFold,ECMDB00061,SER,164,CA,8.329342610114358,-6.8,-3.5921333333333334,10.826666666666666,3.6862333333333335
T1067_Target,ECMDB00082,SER,164,CA,4.972882870629006,-6.7,62.326151515151516,21.650090909090906,-7.4742727272727265,T1067_AlphaFold,ECMDB00082,SER,164,CA,9.029124931744928,-6.8,-2.6900303030303023,9.754696969696969,3.496969696969698
T1067_Target,ECMDB00095,SER,164,CA,5.094935929881747,-6.2,62.152839999999976,21.019320000000004,-6.33604,T1067_AlphaFold,ECMDB00095,SER,164,CA,22.73440028608628,-6.2,-12.671600000000002,-2.84584,2.67132
T1067_Target,ECMDB00121,HIS,140,CA,4.990748231932365,-7.7,63.47229729729731,29.676459459459455,-8.171486486486486,T1067_AlphaFold,ECMDB00121,HIS,140,CA,5.671128958311292,-7.2,-4.405891891891893,9.115810810810814,6.793216216216217
T1067_Target,ECMDB00125,SER,164,CA,4.7644836445734935,-5.2,64.7413076923077,18.872192307692305,-6.983192307692307,T1067_AlphaFold,ECMDB00125,SER,164,CA,22.634191420478793,-5.2,-12.533269230769235,-2.7224999999999993,3.0148846153846156
T1067_Target,ECMDB00163,GLY,179,CA,5.9304513119818845,-5.6,61.85722580645161,23.08541935483871,-7.843387096774193,T1067_AlphaFold,ECMDB00163,GLY,179,CA,11.726694722001493,-6.7,-12.711806451612903,-3.361677419354839,2.6388387096774193
T1067_Target,ECMDB00186,SER,164,CA,5.335866684690965,-6.2,63.014612903225796,21.953612903225807,-7.696903225806453,T1067_AlphaFold,ECMDB00186,SER,164,CA,6.874584772703463,-6.6,-0.9908709677419353,10.839645161290326,0.32490322580645153
T1067_Target,ECMDB00189,GLY,135,CA,4.99222394109356,-6.7,63.27491176470588,30.36144117647058,-9.133382352941176,T1067_AlphaFold,ECMDB00189,GLY,135,CA,10.096873338454966,-7.1,-3.0605294117647066,10.820088235294119,0.2657941176470587
T1067_Target,ECMDB00217,GLY,135,CA,5.683133853374553,-7.5,62.875109090909085,31.52438181818181,-8.453963636363637,T1067_AlphaFold,ECMDB00217,GLY,135,CA,9.805165487386809,-7.1,-4.900200000000001,11.640563636363632,0.6546909090909091
T1067_Target,ECMDB00218,SER,164,CA,5.459610516866998,-6.6,62.96348148148149,22.1567037037037,-7.787518518518521,T1067_AlphaFold,ECMDB00218,SER,164,CA,7.3387132945040205,-6.6,-1.8838518518518517,10.417814814814813,1.071148148148148
T1067_Target,ECMDB00229,THR,150,CA,4.936588309113958,-6.8,51.881166666666665,32.52620833333334,6.14825,T1067_AlphaFold,ECMDB00229,THR,150,CA,6.9792892670823665,-7.0,-12.184000000000003,-2.715,2.446583333333333
T1067_Target,ECMDB00241,LYS,152,CA,7.149803990118012,-7.5,50.496409090909076,32.156954545454546,2.4398636363636363,T1067_AlphaFold,ECMDB00241,LYS,152,CA,14.22891925641503,-7.0,-7.0053863636363625,10.50431818181818,2.583522727272727
T1067_Target,ECMDB00244,GLU,163,CA,5.402263275076125,-7.2,62.3221935483871,23.644,-10.91206451612903,T1067_AlphaFold,ECMDB00244,GLU,163,CA,8.776070457400452,-7.1,-3.0632903225806447,10.65,4.796483870967741
T1067_Target,ECMDB00258,SER,164,CA,4.493301812006107,-6.3,64.0629677419355,20.106354838709677,-7.65158064516129,T1067_AlphaFold,ECMDB00258,SER,164,CA,23.583069337309897,-6.7,-12.580193548387097,-3.8649677419354838,2.585677419354839
T1067_Target,ECMDB00280,SER,206,CA,4.875263929821307,-5.4,65.05995833333333,19.997208333333333,-7.820916666666665,T1067_AlphaFold,ECMDB00280,SER,206,CA,20.465629537757597,-5.5,-12.996708333333336,-3.9302500000000005,2.1147499999999995
T1067_Target,ECMDB00285,GLY,179,CA,5.203018446731781,-6.4,61.596937499999996,25.05675,-7.721374999999999,T1067_AlphaFold,ECMDB00285,GLY,179,CA,6.206744390397786,-6.5,-2.81771875,9.159812500000001,4.72503125
T1067_Target,ECMDB00288,VAL,233,CA,4.561996150641979,-6.3,50.94695833333333,33.92816666666666,6.954875,T1067_AlphaFold,ECMDB00288,VAL,233,CA,9.479201439954533,-6.5,-12.134750000000002,-2.4704999999999995,2.6794583333333333
T1067_Target,ECMDB00290,HIS,140,CA,5.040789016914279,-7.2,63.06565217391303,27.25721739130433,-8.51069565217391,T1067_AlphaFold,ECMDB00290,HIS,140,CA,5.50066068045922,-7.0,-3.8494565217391314,10.843760869565218,5.803782608695652
T1067_Target,ECMDB00293,THR,150,CA,5.841544066051137,-6.7,51.38808333333333,32.93155555555555,5.094805555555555,T1067_AlphaFold,ECMDB00293,THR,150,CA,18.316747640205374,-7.3,-3.0386666666666664,9.767194444444446,4.487277777777778
T1067_Target,ECMDB00295,GLY,179,CA,5.2838034714588,-6.0,61.513607142857154,23.253821428571424,-7.298285714285713,T1067_AlphaFold,ECMDB00295,GLY,179,CA,6.1253828290398245,-6.7,-1.8935,9.626607142857143,2.450428571428571
T1067_Target,ECMDB00302,HIS,140,CA,4.975008697019991,-7.2,63.01162790697674,28.622511627906967,-8.708255813953487,T1067_AlphaFold,ECMDB00302,HIS,140,CA,7.363949257450523,-7.4,-2.102232558139535,10.196651162790697,3.598953488372093
T1067_Target,ECMDB00538,SER,164,CA,5.639586646743041,-7.0,62.5288857142857,22.167628571428573,-7.094228571428571,T1067_AlphaFold,ECMDB00538,SER,164,CA,6.449153026560933,-6.8,-0.39885714285714263,12.11268571428571,1.5494285714285714
T1067_Target,ECMDB00570,LYS,152,CA,6.08416667444277,-6.6,50.12010000000002,30.919,1.5828200000000001,T1067_AlphaFold,ECMDB00570,LYS,152,CA,15.836269639962559,-7.6,-6.303140000000003,11.692499999999997,3.4264000000000006
T1067_Target,ECMDB00674,SER,109,CA,4.824268453299867,-3.2,69.70622727272729,14.310272727272729,18.164272727272728,T1067_AlphaFold,ECMDB00674,SER,109,CA,27.16290256312689,-3.9,2.2226363636363633,16.61265909090909,0.12529545454545457
T1067_Target,ECMDB00797,GLY,179,CA,5.945483728762495,-6.9,62.18291428571429,22.76562857142857,-7.318228571428571,T1067_AlphaFold,ECMDB00797,GLY,179,CA,8.616401143381932,-6.7,-0.007371428571428749,11.681,0.7252000000000001
T1067_Target,ECMDB00830,GLU,163,CA,6.374056177692399,-5.3,62.36262962962964,23.626074074074072,-8.596703703703705,T1067_AlphaFold,ECMDB00830,GLU,163,CA,21.74353256795242,-6.2,-12.234925925925928,-4.366518518518517,1.250666666666666
T1067_Target,ECMDB00902,HIS,140,CA,4.398302353922878,-8.1,63.802730769230784,28.14876923076923,-8.276096153846154,T1067_AlphaFold,ECMDB00902,HIS,140,CA,10.107618284784124,-7.8,-4.862615384615385,11.40121153846154,1.104923076923077
T1067_Target,ECMDB00905,SER,164,CA,5.850440267193563,-6.4,62.13196,22.59727999999999,-7.276400000000001,T1067_AlphaFold,ECMDB00905,SER,164,CA,7.964218480780144,-6.6,-1.4582399999999998,9.85712,1.2012399999999999
T1067_Target,ECMDB00939,HIS,140,CA,4.753845883311453,-6.2,63.12975757575758,27.907393939393945,-8.988272727272728,T1067_AlphaFold,ECMDB00939,HIS,140,CA,20.76628952611124,-6.3,-12.84766666666667,-3.5685151515151516,3.1398181818181814
T1067_Target,ECMDB00960,SER,206,CA,4.51076320527565,-6.9,66.59906451612905,18.99006451612903,-7.391516129032258,T1067_AlphaFold,ECMDB00960,SER,206,CA,6.947346092758749,-7.6,-3.8734516129032266,9.05216129032258,6.334225806451614
T1067_Target,ECMDB00961,THR,150,CA,5.5265197738508,-5.5,49.747125000000004,31.095708333333334,4.520541666666667,T1067_AlphaFold,ECMDB00961,THR,150,CA,10.754471383226557,-5.3,-12.580083333333333,-4.651791666666666,6.883125000000001
T1067_Target,ECMDB00972,HIS,140,CA,4.7120765243414695,-7.5,63.6491,29.967824999999994,-8.766175,T1067_AlphaFold,ECMDB00972,HIS,140,CA,5.773453654064004,-6.9,-4.1642,9.004124999999998,6.576800000000001
T1067_Target,ECMDB00975,TYR,149,CA,5.6760384682477385,-6.3,53.137258064516125,33.20351612903226,3.611806451612903,T1067_AlphaFold,ECMDB00975,TYR,149,CA,5.473707029628268,-7.2,-12.428548387096779,-3.399516129032259,1.8214193548387096
T1067_Target,ECMDB00988,SER,164,CA,5.360774284197997,-6.3,62.867645161290326,22.031806451612894,-7.681387096774193,T1067_AlphaFold,ECMDB00988,SER,164,CA,23.29205691587861,-6.6,-12.82851612903226,-3.3803225806451613,2.7697419354838706
T1067_Target,ECMDB00998,THR,150,CA,5.478659205110684,-6.4,50.08870967741936,31.09012903225807,4.294935483870969,T1067_AlphaFold,ECMDB00998,THR,150,CA,17.866898747612584,-6.6,-3.9818709677419353,9.38483870967742,4.8914838709677415
T1067_Target,ECMDB00999,TYR,149,CA,5.588665520426135,-5.9,53.72724,33.30095999999999,3.404,T1067_AlphaFold,ECMDB00999,TYR,149,CA,5.670992520256043,-6.8,-12.305839999999998,-3.088039999999999,2.30076
T1067_Target,ECMDB01000,SER,164,CA,5.280265249215326,-6.2,61.85276923076923,21.597153846153844,-6.6554230769230776,T1067_AlphaFold,ECMDB01000,SER,164,CA,9.56246076164746,-6.1,-3.4171153846153848,9.652538461538462,4.224230769230769
T1067_Target,ECMDB01003,SER,164,CA,5.516709415326582,-6.9,62.00054838709677,21.983967741935484,-6.830290322580645,T1067_AlphaFold,ECMDB01003,SER,164,CA,11.615919730222839,-6.9,-3.9697741935483877,8.801870967741936,6.31758064516129
T1067_Target,ECMDB01044,THR,150,CA,5.251738899427895,-6.4,50.92107407407407,32.129222222222225,5.266074074074074,T1067_AlphaFold,ECMDB01044,THR,150,CA,7.966050246827434,-6.3,-12.88651851851852,-3.0917407407407405,3.427296296296296
T1067_Target,ECMDB01056,HIS,140,CA,5.141584777126728,-7.4,63.75615384615385,30.732538461538468,-8.309589743589745,T1067_AlphaFold,ECMDB01056,HIS,140,CA,7.732077375098929,-7.3,0.3034102564102562,11.65517948717949,3.210025641025641
T1067_Target,ECMDB01058,SER,164,CA,4.717037692216595,-5.9,62.51356521739131,20.200043478260866,-6.232913043478261,T1067_AlphaFold,ECMDB01058,SER,164,CA,21.965367459856044,-5.5,-12.217043478260868,-2.1707391304347827,2.7815217391304343
T1067_Target,ECMDB01060,TYR,57,CA,6.934359243483565,-3.0,53.95889090909091,37.836600000000004,-0.4110181818181821,T1067_AlphaFold,ECMDB01060,TYR,57,CA,32.63103524364092,-5.1,4.474054545454548,23.720127272727275,1.913872727272727
T1067_Target,ECMDB01062,SER,164,CA,4.306924628126548,-6.0,63.405739130434796,20.247565217391305,-7.443869565217391,T1067_AlphaFold,ECMDB01062,SER,164,CA,22.861600217994585,-6.6,-12.063869565217388,-3.483043478260869,1.542826086956522
T1067_Target,ECMDB01066,SER,164,CA,4.589846252120658,-5.6,64.24403225806451,19.740064516129028,-7.294999999999999,T1067_AlphaFold,ECMDB01066,SER,164,CA,7.814042045674649,-5.5,-1.0469032258064515,10.776354838709679,2.4833870967741927
T1067_Target,ECMDB01079,GLY,179,CA,5.456469373088391,-6.9,60.94260714285716,24.215428571428568,-8.37280357142857,T1067_AlphaFold,ECMDB01079,GLY,179,CA,4.890576877086053,-6.6,-4.172535714285716,10.340553571428572,2.5601607142857143
T1067_Target,ECMDB01094,GLU,176,CA,2.005341273987095,-5.2,53.07048979591837,28.589959183673468,-2.902530612244898,T1067_AlphaFold,ECMDB01094,GLU,176,CA,26.899137757633124,-2.8,14.577061224489805,5.707938775510205,9.535122448979594
T1067_Target,ECMDB01095,ARG,178,CA,5.562964390759168,-7.9,61.95052173913045,25.580565217391303,-8.142782608695653,T1067_AlphaFold,ECMDB01095,ARG,178,CA,5.975215110221687,-7.1,-4.413913043478261,10.499456521739132,6.106369565217391
T1067_Target,ECMDB01097,VAL,233,CA,7.694743046705353,-6.8,51.15626086956521,34.8965,3.398326086956522,T1067_AlphaFold,ECMDB01097,VAL,233,CA,24.00795823391562,-6.5,-7.214478260869564,11.175782608695656,4.608739130434784
T1067_Target,ECMDB01117,SER,206,CA,4.979566724343387,-5.8,65.22455172413792,19.084448275862066,-7.382655172413792,T1067_AlphaFold,ECMDB01117,SER,206,CA,6.292836214826742,-5.0,-3.2797931034482755,11.658310344827585,4.580931034482758
T1067_Target,ECMDB01121,SER,164,CA,5.44597350974177,-5.9,62.569782608695654,21.595565217391307,-6.605565217391304,T1067_AlphaFold,ECMDB01121,SER,164,CA,23.064685694277376,-6.2,-12.309695652173914,-3.541391304347826,1.884130434782609
T1067_Target,ECMDB01124,TYR,149,CA,5.967434298022151,-6.2,53.73988235294118,33.9274705882353,3.4282058823529407,T1067_AlphaFold,ECMDB01124,TYR,149,CA,6.4938672536047015,-6.8,-13.556558823529414,-2.9578823529411777,1.2884117647058821
T1067_Target,ECMDB01134,GLY,179,CA,4.584833021943141,-6.8,60.026470588235284,23.073088235294122,-7.309852941176471,T1067_AlphaFold,ECMDB01134,GLY,179,CA,6.301072403783048,-6.9,-3.186264705882353,11.472411764705884,2.4728529411764706
T1067_Target,ECMDB01142,GLY,135,CA,5.987248753861294,-6.2,63.301918918918915,32.86464864864866,-8.361324324324325,T1067_AlphaFold,ECMDB01142,GLY,135,CA,11.486042168099639,-6.9,-3.98154054054054,10.407108108108108,6.818756756756756
T1067_Target,ECMDB01144,GLY,179,CA,5.2521880278838955,-6.4,61.619777777777784,24.54605555555556,-7.687166666666666,T1067_AlphaFold,ECMDB01144,GLY,179,CA,7.334475608269652,-6.5,-2.8298055555555552,12.2885,3.211777777777778
T1067_Target,ECMDB01163,THR,150,CA,5.774979146599857,-7.6,50.676020833333325,31.477562499999994,3.7998125000000003,T1067_AlphaFold,ECMDB01163,THR,150,CA,17.34597832096704,-6.7,-5.261458333333331,9.600916666666668,4.113833333333334
T1067_Target,ECMDB01174,GLY,179,CA,6.108569357887941,-7.1,61.92441071428571,23.320232142857147,-8.164857142857143,T1067_AlphaFold,ECMDB01174,GLY,179,CA,6.215659624343082,-6.6,-4.172892857142857,11.765625,3.2066964285714277
T1067_Target,ECMDB01178,THR,150,CA,5.549856726209197,-7.7,50.60967441860466,31.17139534883722,3.902023255813954,T1067_AlphaFold,ECMDB01178,THR,150,CA,22.72382244789796,-7.3,2.206162790697675,13.518767441860463,1.0029302325581397
T1067_Target,ECMDB01179,ARG,178,CA,4.872078050483176,-9.0,63.19059999999999,27.775100000000005,-7.526600000000002,T1067_AlphaFold,ECMDB01179,ARG,178,CA,7.394855000038877,-9.0,-1.9245,10.435539999999998,3.3050999999999995
T1067_Target,ECMDB01185,VAL,233,CA,5.570277482869161,-6.5,51.873970588235295,34.81217647058823,6.031705882352942,T1067_AlphaFold,ECMDB01185,VAL,233,CA,26.277351216758092,-6.7,-2.0553529411764706,11.591294117647056,2.5424117647058826
T1067_Target,ECMDB01191,TYR,149,CA,6.149688195257457,-6.0,52.51639999999999,34.15093333333333,4.507366666666666,T1067_AlphaFold,ECMDB01191,TYR,149,CA,16.560856686039987,-5.7,-4.437866666666667,10.651966666666661,2.6283000000000003
T1067_Target,ECMDB01193,VAL,233,CA,5.15165943501704,-5.3,51.61120000000001,34.6466,6.398119999999999,T1067_AlphaFold,ECMDB01193,VAL,233,CA,9.434113002418403,-4.1,-13.663599999999997,-2.1399999999999997,2.8973199999999997
T1067_Target,ECMDB01197,GLU,163,CA,5.031689693440551,-7.8,59.14485714285716,23.56953968253969,-9.232619047619053,T1067_AlphaFold,ECMDB01197,GLU,163,CA,21.031725452993825,-6.2,-15.093238095238096,-2.224571428571428,3.401507936507936
T1067_Target,ECMDB01201,TYR,149,CA,5.891643890916506,-6.7,53.80178787878788,33.96745454545455,3.5546969696969697,T1067_AlphaFold,ECMDB01201,TYR,149,CA,5.737212883237377,-7.7,-12.374727272727272,-3.5708181818181814,2.7072121212121205
T1067_Target,ECMDB01202,SER,164,CA,5.245455620202697,-6.1,62.045260869565205,21.844608695652177,-7.140086956521739,T1067_AlphaFold,ECMDB01202,SER,164,CA,6.920492385806356,-6.0,-2.6657391304347824,10.335913043478262,-0.5762173913043478
T1067_Target,ECMDB01227,TYR,149,CA,5.452987341720168,-6.4,52.308782608695644,33.0804347826087,4.852869565217391,T1067_AlphaFold,ECMDB01227,TYR,149,CA,17.3560176167313,-6.3,-2.426739130434783,11.165173913043477,-0.6756086956521739
T1067_Target,ECMDB01245,THR,150,CA,5.5507215612459,-6.1,51.40829629629629,32.501518518518516,4.952222222222223,T1067_AlphaFold,ECMDB01245,THR,150,CA,17.895101582446816,-6.4,-3.868296296296296,9.179703703703703,5.233370370370369
T1067_Target,ECMDB01248,GLU,163,CA,5.639124498857161,-7.3,61.20556666666666,23.89204999999999,-9.351299999999998,T1067_AlphaFold,ECMDB01248,GLU,163,CA,6.24402737097175,-8.1,-6.872800000000001,10.892950000000004,1.935683333333334
T1067_Target,ECMDB01261,THR,236,CA,7.457396707876926,-6.2,51.6006153846154,35.376326923076924,3.4934999999999996,T1067_AlphaFold,ECMDB01261,THR,236,CA,18.516978237730445,-5.8,-7.0749423076923055,10.609115384615386,8.102961538461537
T1067_Target,ECMDB01262,GLY,135,CA,5.857838286022004,-6.8,62.76017777777777,31.783111111111108,-8.321088888888887,T1067_AlphaFold,ECMDB01262,GLY,135,CA,11.394592526585301,-6.7,-3.80988888888889,9.649533333333332,4.246711111111111
T1067_Target,ECMDB01271,TYR,149,CA,5.2267761269830615,-6.5,51.93136,32.840360000000004,5.98468,T1067_AlphaFold,ECMDB01271,TYR,149,CA,5.980412220440994,-6.7,-12.210359999999998,-2.7242800000000007,2.8157200000000002
T1067_Target,ECMDB01273,GLY,179,CA,6.315146256678712,-7.2,62.520351351351344,24.41124324324325,-8.288081081081083,T1067_AlphaFold,ECMDB01273,GLY,179,CA,4.982149341755025,-7.1,-4.892081081081082,9.316621621621621,4.588459459459459
T1067_Target,ECMDB01274,GLY,179,CA,5.618296229763709,-6.1,61.53725925925925,23.371333333333336,-7.832296296296294,T1067_AlphaFold,ECMDB01274,GLY,179,CA,6.2034319641977795,-6.8,-2.165074074074074,10.024074074074072,2.825222222222222
T1067_Target,ECMDB01285,THR,236,CA,5.693072895829622,-5.0,53.49921052631579,34.69168421052631,4.146894736842106,T1067_AlphaFold,ECMDB01285,THR,236,CA,5.648410346322513,-5.2,-12.583526315789474,-3.421947368421053,3.970947368421052
T1067_Target,ECMDB01296,ARG,178,CA,5.10051889688918,-7.1,62.13962711864405,27.770186440677975,-8.563661016949153,T1067_AlphaFold,ECMDB01296,ARG,178,CA,5.955533418515254,-7.4,-3.884542372881355,10.258,5.655474576271186
T1067_Target,ECMDB01308,THR,150,CA,5.43466141584378,-5.4,50.510041666666666,32.54875,6.0683750000000005,T1067_AlphaFold,ECMDB01308,THR,150,CA,6.950333816673444,-6.2,-12.244125000000002,-2.7237500000000003,2.3880416666666666
T1067_Target,ECMDB01317,SER,164,CA,4.269317864202657,-6.2,63.51595999999999,20.125839999999997,-7.475280000000001,T1067_AlphaFold,ECMDB01317,SER,164,CA,6.606697302828397,-6.1,-2.46464,10.780959999999999,-0.00740000000000002
T1067_Target,ECMDB01328,HIS,140,CA,5.432963467336652,-7.4,63.3331666666667,30.87969047619048,-8.629904761904761,T1067_AlphaFold,ECMDB01328,HIS,140,CA,9.09643013710483,-6.7,-1.6482142857142859,12.476380952380953,1.5676904761904769
T1067_Target,ECMDB01332,ARG,178,CA,6.003444689160803,-6.3,61.931117647058805,25.91558823529412,-8.957264705882352,T1067_AlphaFold,ECMDB01332,ARG,178,CA,5.8672766619050485,-6.4,-3.4074411764705888,9.894029411764707,4.754235294117647
T1067_Target,ECMDB01341,SER,164,CA,5.747945306056347,-7.1,62.12435483870968,22.15748387096774,-6.703548387096773,T1067_AlphaFold,ECMDB01341,SER,164,CA,7.189932561384205,-6.9,-1.5064193548387097,10.810645161290324,1.442
T1067_Target,ECMDB01342,GLY,179,CA,5.50844200567318,-6.2,61.79706451612904,24.35238709677419,-7.83058064516129,T1067_AlphaFold,ECMDB01342,GLY,179,CA,5.515539634517874,-6.4,-3.4981612903225807,10.294548387096773,3.1790645161290327
T1067_Target,ECMDB01346,ARG,178,CA,4.977322557061887,-8.0,62.244777777777784,27.383044444444447,-8.251311111111113,T1067_AlphaFold,ECMDB01346,ARG,178,CA,5.313511617623253,-7.5,-4.821044444444444,10.174155555555554,5.0865333333333345
T1067_Target,ECMDB01354,GLY,179,CA,5.976744478587557,-7.8,62.39494736842106,24.87552631578947,-8.013421052631575,T1067_AlphaFold,ECMDB01354,GLY,179,CA,10.932830717613806,-7.1,1.8267631578947372,13.10228947368421,0.7812105263157892
T1067_Target,ECMDB01367,VAL,233,CA,5.452869040355416,-5.6,49.810913043478266,32.43591304347826,6.35586956521739,T1067_AlphaFold,ECMDB01367,VAL,233,CA,8.391173412134572,-5.9,-12.363217391304348,-3.715086956521739,2.886217391304348
T1067_Target,ECMDB01372,THR,150,CA,5.930762040528827,-5.4,51.04767857142856,32.86596428571429,4.997250000000001,T1067_AlphaFold,ECMDB01372,THR,150,CA,18.514692851116205,-5.8,-3.8717499999999996,10.17675,4.783321428571428
T1067_Target,ECMDB01373,ARG,178,CA,5.395163515819152,-6.6,62.412653846153844,30.0623076923077,-8.703384615384616,T1067_AlphaFold,ECMDB01373,ARG,178,CA,5.851253750177349,-6.3,-5.303903846153844,10.867115384615385,3.321942307692308
T1067_Target,ECMDB01384,HIS,140,CA,5.198694287851494,-7.8,63.073302325581395,26.10737209302325,-9.012627906976741,T1067_AlphaFold,ECMDB01384,HIS,140,CA,6.858242564305312,-6.9,-3.8368604651162785,10.27081395348837,4.4563953488372094
T1067_Target,ECMDB01391,ARG,178,CA,4.907709297134985,-7.6,62.4605111111111,27.876244444444445,-8.177844444444446,T1067_AlphaFold,ECMDB01391,ARG,178,CA,7.02261608297712,-8.0,-2.5540444444444437,10.680311111111111,4.77448888888889
T1067_Target,ECMDB01396,HIS,140,CA,4.37016604441442,-7.6,63.59620512820513,28.658358974358972,-8.893538461538462,T1067_AlphaFold,ECMDB01396,HIS,140,CA,8.299707792516381,-7.3,0.6830769230769231,11.511128205128207,2.737666666666666
T1067_Target,ECMDB01397,SER,164,CA,4.97639569198775,-7.4,63.0728275862069,21.35010344827586,-7.425206896551722,T1067_AlphaFold,ECMDB01397,SER,164,CA,23.51258951951483,-7.1,-12.139137931034483,-4.077620689655173,2.1004827586206893
T1067_Target,ECMDB01399,HIS,140,CA,5.365420763227195,-6.9,62.55271794871794,28.32858974358974,-8.783641025641021,T1067_AlphaFold,ECMDB01399,HIS,140,CA,20.696018436094572,-7.2,-13.097307692307696,-4.337102564102564,5.8522307692307685
T1067_Target,ECMDB01409,TYR,149,CA,5.854551470387928,-5.8,51.77386363636364,33.04890909090909,4.770272727272727,T1067_AlphaFold,ECMDB01409,TYR,149,CA,16.158731466913938,-6.0,-2.5256363636363637,9.627999999999998,3.0681818181818183
T1067_Target,ECMDB01412,SER,164,CA,5.097542011842558,-7.2,65.60492857142856,18.823892857142855,-7.691214285714284,T1067_AlphaFold,ECMDB01412,SER,164,CA,24.305598108265308,-7.2,-13.017821428571425,-4.401035714285714,2.9267142857142856
T1067_Target,ECMDB01416,SER,206,CA,4.744142813877073,-5.1,64.92319230769232,19.524,-7.13603846153846,T1067_AlphaFold,ECMDB01416,SER,206,CA,19.06867843744269,-4.7,-13.041807692307692,-1.6801538461538463,3.054538461538461
T1067_Target,ECMDB01423,GLY,179,CA,5.564010052185965,-5.2,58.03712727272728,25.77789090909091,-9.389600000000002,T1067_AlphaFold,ECMDB01423,GLY,179,CA,5.810158205268421,-6.2,-3.786127272727272,10.955090909090911,3.2343818181818187
T1067_Target,ECMDB01439,THR,150,CA,5.270234707334429,-6.5,50.7258275862069,32.53786206896552,6.27055172413793,T1067_AlphaFold,ECMDB01439,THR,150,CA,18.00691826974086,-6.5,-2.87848275862069,10.26110344827586,2.392862068965517
T1067_Target,ECMDB01440,SER,206,CA,6.51375648257484,-6.9,62.89648571428571,23.823742857142854,-8.353428571428573,T1067_AlphaFold,ECMDB01440,SER,206,CA,5.9776479355707,-7.6,-3.1208000000000005,9.315028571428572,5.624028571428571
T1067_Target,ECMDB01487,TYR,149,CA,6.8494270313322065,-7.3,51.65621153846154,33.43932692307692,3.326923076923077,T1067_AlphaFold,ECMDB01487,TYR,149,CA,16.064060780304846,-6.6,-6.287730769230769,10.181461538461537,3.740788461538462
T1067_Target,ECMDB01517,SER,164,CA,4.452782068034338,-7.0,63.26282142857142,20.03753571428572,-6.865428571428572,T1067_AlphaFold,ECMDB01517,SER,164,CA,7.973565500343325,-6.6,-1.7242857142857138,10.127035714285714,1.9267500000000002
T1067_Target,ECMDB01520,GLU,163,CA,4.971811375525652,-7.5,62.14682352941177,23.082529411764707,-10.580205882352942,T1067_AlphaFold,ECMDB01520,GLU,163,CA,6.527111910342765,-7.2,-3.1976764705882346,11.314588235294119,1.4297058823529412
T1067_Target,ECMDB01532,GLY,179,CA,5.523440478535689,-6.2,61.351000000000006,24.385212121212117,-8.22309090909091,T1067_AlphaFold,ECMDB01532,GLY,179,CA,6.304001353666889,-6.9,-3.748515151515152,9.440999999999999,5.541272727272727
T1067_Target,ECMDB01546,SER,164,CA,4.703316275577203,-6.9,63.19158620689656,20.902827586206897,-7.3774482758620685,T1067_AlphaFold,ECMDB01546,SER,164,CA,23.110562586930314,-6.5,-12.557241379310344,-3.1895862068965513,3.2776896551724137
T1067_Target,ECMDB01550,SER,206,CA,4.28719983212221,-5.5,65.42311111111111,19.514074074074074,-6.832111111111112,T1067_AlphaFold,ECMDB01550,SER,206,CA,5.555775708353997,-5.2,-1.7485925925925931,11.610000000000001,0.7709999999999999
T1067_Target,ECMDB01554,THR,150,CA,5.027540245071771,-6.9,51.44935714285715,32.21960714285714,5.520249999999999,T1067_AlphaFold,ECMDB01554,THR,150,CA,17.551243197907432,-7.2,-2.619785714285714,9.330857142857143,3.097892857142857
T1067_Target,ECMDB01562,GLU,163,CA,5.534337057520979,-8.0,60.724124999999994,23.296625,-8.510900000000001,T1067_AlphaFold,ECMDB01562,GLU,163,CA,8.95025275641699,-8.0,-3.0313499999999998,10.396725000000004,4.781924999999999
T1067_Target,ECMDB01846,SER,206,CA,4.8872564815551,-7.8,67.60215384615384,17.916487179487177,-6.84074358974359,T1067_AlphaFold,ECMDB01846,SER,206,CA,3.4645558372241494,-7.6,-0.11146153846153857,11.607102564102565,3.1267179487179484
T1067_Target,ECMDB02158,GLY,162,CA,6.650800002764712,-6.0,55.03967307692308,24.473423076923073,-10.111788461538463,T1067_AlphaFold,ECMDB02158,GLY,162,CA,35.515007032202746,-6.1,0.6189807692307692,-16.284269230769226,9.13003846153846
T1067_Target,ECMDB02666,TYR,149,CA,5.810595055078028,-5.8,52.160124999999994,33.492708333333326,4.829791666666666,T1067_AlphaFold,ECMDB02666,TYR,149,CA,16.935792573277148,-6.1,-1.95,10.424999999999999,2.106291666666667
T1067_Target,ECMDB03266,HIS,140,CA,5.360872896012356,-7.1,62.69834000000001,29.33510000000001,-8.792040000000002,T1067_AlphaFold,ECMDB03266,HIS,140,CA,5.086196860405622,-6.8,-4.612279999999999,9.67812,7.3904999999999985
T1067_Target,ECMDB03335,THR,150,CA,5.69548008882677,-7.1,51.292400000000015,32.844166666666666,5.309233333333334,T1067_AlphaFold,ECMDB03335,THR,150,CA,17.908270048996297,-7.0,-2.371199999999999,9.8047,2.6958666666666677
T1067_Target,ECMDB03419,ARG,178,CA,5.0755769914913245,-6.0,62.00999999999999,31.03308928571429,-8.140946428571429,T1067_AlphaFold,ECMDB03419,ARG,178,CA,7.562172670454427,-6.2,-3.432232142857142,11.86842857142857,5.867714285714286
T1067_Target,ECMDB03502,THR,236,CA,7.339395450860029,-4.5,52.07716666666667,34.922916666666666,3.1627777777777784,T1067_AlphaFold,ECMDB03502,THR,236,CA,7.716100390939425,-5.0,-14.462694444444445,-2.703361111111112,2.875861111111112
T1067_Target,ECMDB03514,SER,164,CA,5.253927334184615,-5.9,62.78886956521738,21.603000000000005,-7.076260869565217,T1067_AlphaFold,ECMDB03514,SER,164,CA,7.715155574255883,-5.5,-2.282,10.34395652173913,1.9045217391304348
T1067_Target,ECMDB03536,ARG,178,CA,4.722797574650276,-6.4,62.1989642857143,26.916678571428566,-7.763571428571429,T1067_AlphaFold,ECMDB03536,ARG,178,CA,10.37727670016246,-6.2,-13.249678571428571,-2.868749999999999,3.0847857142857147
T1067_Target,ECMDB03540,SER,164,CA,5.474405746229298,-6.4,62.35611111111112,22.36214814814814,-7.797592592592593,T1067_AlphaFold,ECMDB03540,SER,164,CA,9.3459913604131,-6.5,-3.020851851851852,9.861666666666666,4.1679259259259265
T1067_Target,ECMDB03556,THR,150,CA,5.763409477658043,-6.1,49.65589189189188,32.12913513513513,5.464513513513513,T1067_AlphaFold,ECMDB03556,THR,150,CA,17.993892856832566,-7.4,-3.562405405405406,10.367972972972971,2.7912432432432426
T1067_Target,ECMDB03826,SER,164,CA,4.5493411702878666,-5.8,63.80785185185184,20.77711111111111,-8.24111111111111,T1067_AlphaFold,ECMDB03826,SER,164,CA,6.7943084389242525,-6.0,-3.529962962962963,11.797555555555554,2.441037037037037
T1067_Target,ECMDB03882,SER,206,CA,5.618358736500536,-6.9,62.81173076923076,22.118115384615386,-7.025192307692308,T1067_AlphaFold,ECMDB03882,SER,206,CA,6.334105874726798,-7.1,-2.0545384615384616,11.324923076923076,-0.37911538461538474
T1067_Target,ECMDB04007,TYR,149,CA,4.93370737003233,-7.1,53.55038709677419,33.05419354838709,4.337,T1067_AlphaFold,ECMDB04007,TYR,149,CA,5.381697717213304,-7.1,-12.37116129032258,-3.8227741935483865,2.078129032258065
T1067_Target,ECMDB04010,GLY,179,CA,5.542528794018653,-6.3,61.307411764705876,24.483705882352943,-8.299999999999999,T1067_AlphaFold,ECMDB04010,GLY,179,CA,11.420691377978743,-6.2,-13.504205882352938,-2.6461764705882356,1.5393529411764704
T1067_Target,ECMDB04033,ARG,178,CA,5.227718127121261,-7.0,62.40740909090909,27.95381818181819,-8.60515909090909,T1067_AlphaFold,ECMDB04033,ARG,178,CA,10.648900964079278,-6.4,-13.787772727272726,-2.6319318181818185,2.2975681818181815
T1067_Target,ECMDB04034,TYR,149,CA,5.177922722763267,-7.3,52.22196296296296,33.057925925925936,5.783222222222224,T1067_AlphaFold,ECMDB04034,TYR,149,CA,16.109799165016742,-7.2,-2.996962962962963,9.515555555555554,3.9662222222222216
T1067_Target,ECMDB04052,SER,164,CA,4.534295268526908,-6.9,62.81318181818183,20.93933333333333,-7.470727272727274,T1067_AlphaFold,ECMDB04052,SER,164,CA,8.31481767601116,-6.8,-2.4451515151515153,10.001909090909091,2.5451212121212126
T1067_Target,ECMDB04053,THR,150,CA,5.453057779263321,-8.0,50.59628205128205,31.515948717948714,4.364897435897435,T1067_AlphaFold,ECMDB04053,THR,150,CA,7.686809102920852,-7.2,-13.200923076923077,-3.7041025641025644,3.121256410256409
T1067_Target,ECMDB04063,HIS,140,CA,6.371754688203291,-6.4,62.18309375,25.20646875,-8.954875,T1067_AlphaFold,ECMDB04063,HIS,140,CA,6.218400563753438,-7.3,-3.7023437500000003,9.315249999999997,5.5603750000000005
T1067_Target,ECMDB04085,THR,150,CA,5.198787610997435,-6.6,51.07449999999999,32.40265384615385,5.760846153846152,T1067_AlphaFold,ECMDB04085,THR,150,CA,17.878095752200572,-6.7,-2.5395769230769236,9.697076923076922,3.0600384615384617
T1067_Target,ECMDB04108,THR,150,CA,6.770522206422372,-4.7,49.829787878787876,32.81639393939394,4.203333333333333,T1067_AlphaFold,ECMDB04108,THR,150,CA,9.890078991505506,-4.7,-13.903818181818185,-2.6678484848484847,5.02090909090909
T1067_Target,ECMDB04111,ARG,178,CA,5.038605951341364,-7.6,62.564800000000005,28.016890909090915,-8.298090909090911,T1067_AlphaFold,ECMDB04111,ARG,178,CA,7.690297169638852,-7.2,-6.380963636363638,11.50692727272727,-0.1720727272727273
T1067_Target,ECMDB04117,THR,236,CA,7.398773694197659,-4.7,52.559520833333345,36.09875,2.4577708333333335,T1067_AlphaFold,ECMDB04117,THR,236,CA,29.017241562174792,-3.2,15.946854166666668,-4.776479166666667,-8.940708333333331
T1067_Target,ECMDB04119,LYS,134,CA,6.219635464076644,-4.8,57.421140000000015,25.98608,-9.998400000000002,T1067_AlphaFold,ECMDB04119,LYS,134,CA,27.353061950765223,-4.9,-15.78846,-1.0765800000000005,1.6111199999999997
T1067_Target,ECMDB04120,GLY,201,CA,6.613668252352106,-3.7,74.77987499999999,11.734645833333332,12.216833333333335,T1067_AlphaFold,ECMDB04120,GLY,201,CA,38.15591641201775,-3.7,-18.190020833333335,-18.021145833333335,10.147770833333334
T1067_Target,ECMDB04137,ARG,178,CA,5.13371138699839,-7.2,61.74807317073169,25.59612195121952,-7.6552195121951225,T1067_AlphaFold,ECMDB04137,ARG,178,CA,6.962856998089773,-7.1,-3.1128780487804883,11.056756097560978,4.941804878048779
T1067_Target,ECMDB04138,ARG,178,CA,5.063470870104798,-7.1,62.41657999999997,27.725740000000002,-8.35578,T1067_AlphaFold,ECMDB04138,ARG,178,CA,5.225745352923351,-7.5,-4.08146,9.229659999999999,6.305920000000001
T1067_Target,ECMDB04165,HIS,140,CA,5.787679689029248,-6.6,62.400953488372075,26.342744186046506,-8.768627906976745,T1067_AlphaFold,ECMDB04165,HIS,140,CA,6.197367045434341,-6.8,-3.9696279069767453,9.391627906976748,5.656744186046512
T1067_Target,ECMDB04166,HIS,140,CA,4.897808467433859,-8.1,63.44813953488372,26.64930232558139,-8.366697674418605,T1067_AlphaFold,ECMDB04166,HIS,140,CA,20.86201966439384,-6.6,-13.644255813953482,-3.3184418604651174,3.592232558139534
T1067_Target,ECMDB04167,ARG,178,CA,5.171555933488483,-7.0,62.57367999999999,27.512820000000005,-8.329279999999999,T1067_AlphaFold,ECMDB04167,ARG,178,CA,6.009916653665008,-6.7,-4.45868,10.646040000000001,3.269000000000002
T1067_Target,ECMDB04168,ARG,178,CA,4.896099798635799,-6.6,59.82008928571428,28.853482142857143,-9.011624999999997,T1067_AlphaFold,ECMDB04168,ARG,178,CA,9.957765531248407,-7.2,-0.4727142857142858,12.273089285714287,1.9349999999999998
T1067_Target,ECMDB04169,TYR,149,CA,6.300923069854643,-5.8,51.563343750000016,33.445437500000004,4.5848125,T1067_AlphaFold,ECMDB04169,TYR,149,CA,18.76956494965757,-6.2,-0.9157187500000001,12.0583125,1.6708125
T1067_Target,ECMDB04171,HIS,140,CA,5.065668753744255,-7.9,63.010255813953485,27.26358139534885,-8.580232558139535,T1067_AlphaFold,ECMDB04171,HIS,140,CA,5.840359977829516,-6.7,-3.7304651162790705,10.807627906976743,5.384116279069767
T1067_Target,ECMDB04220,HIS,140,CA,5.326660287525226,-7.3,63.38763636363637,30.320454545454552,-8.10015909090909,T1067_AlphaFold,ECMDB04220,HIS,140,CA,6.253283746038641,-6.7,-5.148545454545453,10.186204545454546,5.881795454545454
T1067_Target,ECMDB04662,SER,206,CA,4.132460349112846,-5.3,65.52064285714285,19.237821428571426,-6.290142857142857,T1067_AlphaFold,ECMDB04662,SER,206,CA,4.458575577451496,-5.5,-1.2043214285714288,9.737642857142857,1.107142857142857
T1067_Target,ECMDB06273,THR,150,CA,5.193214451450808,-6.4,51.03507692307692,32.630653846153855,6.405461538461537,T1067_AlphaFold,ECMDB06273,THR,150,CA,7.0211904425652225,-6.8,-12.115153846153843,-2.938615384615385,2.625461538461539
T1067_Target,ECMDB06354,ARG,178,CA,4.942759264886881,-7.3,61.50627500000003,26.577749999999998,-8.213249999999999,T1067_AlphaFold,ECMDB06354,ARG,178,CA,7.394635740775199,-7.0,-3.46265,11.822274999999998,4.287375
T1067_Target,ECMDB06555,SER,164,CA,4.7162514091348715,-6.8,62.69708333333333,20.907583333333335,-7.023416666666667,T1067_AlphaFold,ECMDB06555,SER,164,CA,8.32678459694727,-6.6,-1.791916666666667,10.072083333333333,2.582208333333333
T1067_Target,ECMDB06557,THR,236,CA,6.302530532151021,-6.8,52.05563043478259,35.016543478260864,5.055739130434782,T1067_AlphaFold,ECMDB06557,THR,236,CA,18.711153206133574,-7.7,-3.093673913043478,10.083282608695653,4.338173913043478
T1067_Target,ECMDB06823,SER,164,CA,6.253286291999129,-5.8,62.54728205128207,23.330948717948722,-8.354666666666668,T1067_AlphaFold,ECMDB06823,SER,164,CA,6.35293945176904,-5.8,-1.5510512820512823,11.957102564102565,1.7568461538461542
T1067_Target,ECMDB06834,GLY,254,CA,5.408367972069005,-5.0,48.11738461538462,31.17288461538461,5.677807692307691,T1067_AlphaFold,ECMDB06834,GLY,254,CA,22.984606570253693,-5.5,-1.8203076923076924,9.917153846153846,2.0593846153846154
T1067_Target,ECMDB06872,SER,164,CA,4.445534404308063,-6.0,62.5676086956522,20.65026086956522,-7.090304347826087,T1067_AlphaFold,ECMDB06872,SER,164,CA,23.690462787841003,-5.8,-12.263652173913043,-4.132086956521739,2.5691304347826085
T1067_Target,ECMDB06876,ARG,178,CA,5.049190663126883,-7.2,61.96521428571429,26.853857142857155,-8.27397619047619,T1067_AlphaFold,ECMDB06876,ARG,178,CA,6.65152980004142,-6.9,-3.7729285714285714,11.121857142857147,4.022476190476189
T1067_Target,ECMDB07858,LYS,152,CA,7.457937514249242,-2.3,45.32339130434782,30.193869565217394,1.0627608695652175,T1067_AlphaFold,ECMDB07858,LYS,152,CA,12.52479042661488,-3.0,-8.734478260869565,5.128826086956521,-16.5315652173913
T1067_Target,ECMDB07859,ASP,244,CA,5.294974043377154,-2.8,44.36569565217392,41.13823913043478,6.630760869565216,T1067_AlphaFold,ECMDB07859,ASP,244,CA,48.35371338354262,-2.5,18.305478260869567,6.180652173913043,-7.3266739130434795
T1067_Target,ECMDB07860,GLN,240,CA,6.583764947485819,-2.7,57.349760869565216,44.71719565217391,13.541304347826085,T1067_AlphaFold,ECMDB07860,GLN,240,CA,6.4209796748899395,-2.4,-8.54969565217391,-20.883521739130433,7.775108695652174
T1067_Target,ECMDB07861,THR,177,CA,8.036085949651788,-2.1,50.88885416666667,34.754812499999986,0.1330208333333337,T1067_AlphaFold,ECMDB07861,THR,177,CA,25.726128197046105,-1.8,11.451499999999998,16.973000000000003,3.467229166666666
T1067_Target,ECMDB07862,GLY,162,CA,6.646939667612341,-2.9,54.61358333333334,24.601499999999998,-11.620479166666664,T1067_AlphaFold,ECMDB07862,GLY,162,CA,18.483146911889573,-2.0,8.621791666666669,23.069562500000004,-2.5722708333333344
T1067_Target,ECMDB07863,MET,107,CA,4.714765745522916,-2.5,57.40304166666666,11.532708333333337,20.227270833333332,T1067_AlphaFold,ECMDB07863,MET,107,CA,31.344628765403684,-3.5,4.052208333333333,14.152916666666664,4.5843750000000005
T1067_Target,ECMDB07864,TYR,121,CA,6.355690806414052,-2.5,77.17554166666666,26.039999999999992,-15.0055,T1067_AlphaFold,ECMDB07864,TYR,121,CA,46.52128002294782,-2.5,-14.596645833333328,-19.098145833333337,-10.723187500000002
T1067_Target,ECMDB07865,THR,137,CA,6.866676473843881,-2.6,72.6230625,34.59202083333333,-20.98364583333333,T1067_AlphaFold,ECMDB07865,THR,137,CA,21.02065808628841,-2.7,-14.823374999999997,3.7570625000000013,0.6911666666666666
T1067_Target,ECMDB08821,THR,177,CA,7.251341252408743,-3.1,53.04958695652173,35.54465217391304,0.39243478260869596,T1067_AlphaFold,ECMDB08821,THR,177,CA,30.658277467667663,-3.0,16.025999999999996,1.025978260869564,-9.658152173913043
T1067_Target,ECMDB08824,LYS,134,CA,5.300303992240086,-2.7,57.368083333333345,26.14752083333333,-11.308083333333334,T1067_AlphaFold,ECMDB08824,LYS,134,CA,17.18814299035912,-2.7,6.7754999999999965,22.511625000000006,13.998437500000003
T1067_Target,ECMDB08827,THR,177,CA,7.234816937946672,-2.0,59.79152000000001,36.09046,-8.026059999999998,T1067_AlphaFold,ECMDB08827,THR,177,CA,8.276796454401904,-2.1,-10.903380000000002,7.214839999999999,12.225759999999996
T1067_Target,ECMDB08920,ILE,230,CA,4.631187501921236,-2.5,40.27706249999999,28.88933333333333,17.298854166666672,T1067_AlphaFold,ECMDB08920,ILE,230,CA,23.854243322038407,-2.4,-11.858166666666667,11.55075,-8.367791666666667
T1067_Target,ECMDB08923,THR,177,CA,4.0770976183064285,-2.5,53.33608000000001,30.05392,-5.876580000000001,T1067_AlphaFold,ECMDB08923,THR,177,CA,30.378703789608927,-2.3,16.70844,6.217859999999999,-7.917939999999998
T1067_Target,ECMDB08924,GLY,156,CA,3.8206056655980554,-2.8,48.82620000000001,8.666660000000002,0.91242,T1067_AlphaFold,ECMDB08924,GLY,156,CA,34.34213286945352,-3.4,-4.5630000000000015,16.929460000000002,17.179460000000002
T1067_Target,ECMDB08953,THR,177,CA,5.262654036327723,-2.9,52.55604166666666,33.0400625,-1.4470208333333325,T1067_AlphaFold,ECMDB08953,THR,177,CA,24.35099878628713,-3.4,4.133937499999999,23.37058333333334,2.0820624999999997
T1067_Target,ECMDB08956,TYR,57,CA,6.667714538250707,-3.0,53.410100000000014,37.677400000000006,2.522440000000001,T1067_AlphaFold,ECMDB08956,TYR,57,CA,27.94547785243258,-3.2,-8.24886,8.897440000000001,-14.063740000000003
T1067_Target,ECMDB08957,GLU,176,CA,6.620417470764221,-3.2,50.88069999999999,24.122459999999997,-5.627159999999999,T1067_AlphaFold,ECMDB08957,GLU,176,CA,27.191259211070015,-2.6,4.97832,25.96566,1.8748399999999998
T1067_Target,ECMDB08959,LYS,152,CA,7.893993745621862,-2.1,48.44107692307692,32.31803846153846,0.7136923076923073,T1067_AlphaFold,ECMDB08959,LYS,152,CA,21.844043521226755,-2.6,-8.73071153846154,19.892423076923077,2.5618653846153845
T1067_Target,ECMDB09019,THR,110,CA,7.9208338260816955,-2.1,71.05422,8.45742,14.910659999999996,T1067_AlphaFold,ECMDB09019,THR,110,CA,21.349109376655502,-3.3,-4.0934800000000005,6.976240000000001,-18.484779999999997
T1067_Target,ECMDB09022,LEU,108,CA,4.039504978112461,-2.9,64.21015384615384,14.147442307692305,21.326865384615395,T1067_AlphaFold,ECMDB09022,LEU,108,CA,41.178749030690796,-1.3,-11.607365384615385,8.481461538461536,20.710038461538463
T1067_Target,ECMDB09023,TYR,111,CA,6.606240100813835,-2.7,74.03046153846157,11.728692307692311,13.480519230769232,T1067_AlphaFold,ECMDB09023,TYR,111,CA,14.883607941085213,-2.5,11.200076923076923,-15.24382692307692,2.0009807692307704
T1067_Target,ECMDB10573,LYS,134,CA,2.6688917478277974,-2.7,58.66458490566039,29.281113207547165,-12.399509433962264,T1067_AlphaFold,ECMDB10573,LYS,134,CA,46.53951575288078,-2.7,-11.390056603773587,-22.760132075471695,-2.938037735849057
T1067_Target,ECMDB10615,GLU,176,CA,7.370717507084484,-2.9,51.26101886792453,33.527018867924525,1.2605849056603766,T1067_AlphaFold,ECMDB10615,GLU,176,CA,21.29379220327433,-1.9,-18.065245283018868,-12.658811320754722,11.963132075471695
T1067_Target,ECMDB10616,ARG,250,CA,4.467703556214943,-2.5,40.87598113207548,40.793264150943386,10.814471698113211,T1067_AlphaFold,ECMDB10616,ARG,250,CA,40.36522013281477,-2.4,-2.4208490566037737,21.095245283018873,-10.333716981132078
T1067_Target,ECMDB10618,PHE,133,CA,5.858014933348921,-2.4,54.41336363636363,26.8032,-13.242927272727268,T1067_AlphaFold,ECMDB10618,PHE,133,CA,19.927209034014005,-2.9,-10.009818181818183,8.75241818181818,2.69030909090909
T1067_Target,ECMDB11145,GLY,201,CA,6.230322682644654,-2.3,76.02857777777776,11.784133333333331,10.812977777777778,T1067_AlphaFold,ECMDB11145,GLY,201,CA,39.87936981169928,-2.3,-20.56233333333333,-16.526533333333337,11.463222222222223
T1067_Target,ECMDB11155,THR,177,CA,3.7334086417669012,-3.1,53.299,32.181355555555555,-3.1096000000000004,T1067_AlphaFold,ECMDB11155,THR,177,CA,27.540708569392287,-2.1,4.082244444444444,23.041800000000002,-9.1676
T1067_Target,ECMDB11156,GLU,163,CA,5.23581416957912,-3.9,61.6580303030303,17.665181818181814,-16.37921212121212,T1067_AlphaFold,ECMDB11156,GLU,163,CA,8.363439650793813,-5.0,-3.5631818181818176,11.491696969696973,5.249030303030303
T1067_Target,ECMDB11616,TYR,149,CA,5.964589139245054,-6.4,52.842,33.564600000000006,3.7518000000000002,T1067_AlphaFold,ECMDB11616,TYR,149,CA,5.790867334001017,-6.9,-12.816920000000003,-3.8865600000000007,2.1656000000000004
T1067_Target,ECMDB11629,TYR,149,CA,6.3341757768703255,-6.6,52.21918518518518,33.60414814814814,3.7807777777777773,T1067_AlphaFold,ECMDB11629,TYR,149,CA,16.56134772572738,-7.0,-3.0949259259259247,9.88077777777778,4.508740740740741
T1067_Target,ECMDB11688,SER,164,CA,4.251503748969301,-5.7,62.75455000000001,20.68205,-7.590649999999999,T1067_AlphaFold,ECMDB11688,SER,164,CA,21.818012589773154,-5.6,-12.00785,-2.07265,2.91815
T1067_Target,ECMDB12277,GLY,179,CA,6.20342737199425,-7.5,62.19388636363637,23.723909090909093,-8.231954545454546,T1067_AlphaFold,ECMDB12277,GLY,179,CA,7.244943482496335,-7.1,-3.164636363636363,11.75806818181818,4.414863636363638
T1067_Target,ECMDB12278,GLY,179,CA,5.404885661792079,-6.5,61.90659090909093,24.849590909090907,-7.685477272727274,T1067_AlphaFold,ECMDB12278,GLY,179,CA,5.436670557760117,-6.3,-3.7186136363636364,10.989613636363636,1.5990227272727273
T1067_Target,ECMDB12330,GLU,120,CA,5.994350046693879,-4.2,68.38377551020409,20.354612244897965,-10.491469387755101,T1067_AlphaFold,ECMDB12330,GLU,120,CA,22.58774216860335,-2.7,-14.572653061224486,0.7823061224489797,7.531428571428572
T1067_Target,ECMDB12332,ASP,118,CA,3.2143800719909636,-3.8,76.6203137254902,26.016529411764708,-3.6424705882352946,T1067_AlphaFold,ECMDB12332,ASP,118,CA,7.175657748620427,-2.4,10.951294117647056,3.3380980392156863,13.149901960784314
T1067_Target,ECMDB12333,GLU,163,CA,3.8484127077392287,-3.7,60.21815686274509,22.74892156862745,-10.457156862745096,T1067_AlphaFold,ECMDB12333,GLU,163,CA,16.200148893959792,-2.6,-10.497803921568625,5.965470588235292,10.856156862745095
T1067_Target,ECMDB12352,ASP,55,CA,6.4380891324845955,-3.2,60.912431372549,35.256823529411776,-6.548901960784311,T1067_AlphaFold,ECMDB12352,ASP,55,CA,15.52374495162017,-2.9,-9.284803921568628,10.165725490196078,0.976333333333333
T1067_Target,ECMDB12363,GLY,201,CA,6.279109382503793,-2.8,74.63817647058823,12.291862745098037,12.422196078431373,T1067_AlphaFold,ECMDB12363,GLY,201,CA,35.125491165946436,-3.1,-15.406196078431375,-18.232137254901957,-9.276058823529409
T1067_Target,ECMDB12366,THR,224,CA,5.2703392047585185,-2.3,44.6332075471698,12.028867924528308,8.645679245283022,T1067_AlphaFold,ECMDB12366,THR,224,CA,20.265026251939865,-2.0,-15.813603773584907,-20.92162264150943,-12.947264150943397
T1067_Target,ECMDB20003,THR,236,CA,5.630133343474471,-6.8,52.56016216216217,35.19970270270271,5.510837837837838,T1067_AlphaFold,ECMDB20003,THR,236,CA,6.8540275552603935,-6.2,-13.232270270270266,-2.2791621621621623,4.250297297297298
T1067_Target,ECMDB20004,THR,236,CA,5.861792356222223,-6.3,53.549459459459456,34.6611891891892,3.851405405405406,T1067_AlphaFold,ECMDB20004,THR,236,CA,23.25337775533138,-6.9,0.22643243243243225,13.269729729729727,1.1943513513513515
T1067_Target,ECMDB20006,GLU,163,CA,6.388845283994566,-6.8,61.804405405405404,24.71513513513514,-9.67964864864865,T1067_AlphaFold,ECMDB20006,GLU,163,CA,7.883195810010224,-6.5,-0.3516486486486487,11.95681081081081,1.1857837837837841
T1067_Target,ECMDB20019,TYR,149,CA,5.52715422098429,-5.6,52.05707692307692,33.143461538461544,5.2184230769230755,T1067_AlphaFold,ECMDB20019,TYR,149,CA,6.303491991506156,-5.7,-12.747384615384615,-2.494576923076923,2.3501923076923075
T1067_Target,ECMDB20024,THR,236,CA,5.785407239177292,-6.5,52.51685,35.399224999999994,5.1899999999999995,T1067_AlphaFold,ECMDB20024,THR,236,CA,19.66625426650942,-7.2,-3.7285000000000017,10.985449999999998,1.9343499999999998
T1067_Target,ECMDB20025,THR,236,CA,5.575683809464531,-6.9,52.81830000000001,35.40417500000001,5.0786500000000006,T1067_AlphaFold,ECMDB20025,THR,236,CA,19.78657291961205,-6.2,-4.0112000000000005,11.370375,3.08315
T1067_Target,ECMDB20026,SER,164,CA,5.669851573564341,-7.1,62.16090000000001,22.284325000000003,-7.0809750000000005,T1067_AlphaFold,ECMDB20026,SER,164,CA,23.36325906939676,-6.0,-13.530624999999997,-2.8104250000000004,3.9511499999999997
T1067_Target,ECMDB20027,THR,236,CA,5.8853723296619,-6.3,52.972950000000004,35.50557500000001,4.274275000000001,T1067_AlphaFold,ECMDB20027,THR,236,CA,18.956391443389222,-7.1,-2.6792500000000006,9.9343,2.19855
T1067_Target,ECMDB20033,SER,206,CA,5.140161675933338,-5.8,63.24746153846153,20.785615384615383,-6.42603846153846,T1067_AlphaFold,ECMDB20033,SER,206,CA,4.900063380220455,-5.7,-0.8447692307692309,11.108384615384615,0.43507692307692314
T1067_Target,ECMDB20034,SER,164,CA,5.451425799815291,-5.6,62.61127586206896,21.76944827586207,-6.858793103448277,T1067_AlphaFold,ECMDB20034,SER,164,CA,7.752059726752263,-5.6,-1.8705517241379306,9.957275862068965,1.0306206896551724
T1067_Target,ECMDB20035,ARG,178,CA,7.112697015886496,-4.5,62.079528301886796,34.49177358490566,-7.769,T1067_AlphaFold,ECMDB20035,ARG,178,CA,7.916403354031658,-4.5,-6.880622641509434,13.233999999999996,2.9003018867924535
T1067_Target,ECMDB20049,ARG,178,CA,4.551033129131819,-6.2,61.19099999999998,27.22565116279069,-8.174046511627907,T1067_AlphaFold,ECMDB20049,ARG,178,CA,6.6950248299995465,-6.2,-5.188302325581396,11.018837209302328,1.3887674418604652
T1067_Target,ECMDB20050,TYR,149,CA,5.760818209181406,-6.1,51.663791666666675,33.227000000000004,5.568750000000001,T1067_AlphaFold,ECMDB20050,TYR,149,CA,5.635234215931293,-6.4,-12.542375,-4.092333333333333,2.488
T1067_Target,ECMDB20054,ALA,90,CA,6.038578146554027,-3.8,78.52854716981132,25.41422641509434,0.8413396226415093,T1067_AlphaFold,ECMDB20054,ALA,90,CA,23.74405275199901,-2.7,-9.110509433962264,7.760566037735847,13.976018867924532
T1067_Target,ECMDB20055,SER,164,CA,5.094284307999174,-6.2,61.77858823529411,21.766029411764706,-7.232617647058824,T1067_AlphaFold,ECMDB20055,SER,164,CA,7.617458073626674,-6.0,-3.012617647058823,12.030029411764707,3.964941176470589
T1067_Target,ECMDB20058,SER,164,CA,5.652202348937997,-6.5,61.81432258064516,22.28938709677419,-7.024451612903226,T1067_AlphaFold,ECMDB20058,SER,164,CA,23.874714927097163,-6.3,-13.07858064516129,-3.9704193548387097,2.5135806451612916
T1067_Target,ECMDB20059,SER,164,CA,5.324903160000134,-7.1,61.940153846153876,22.504307692307695,-8.477179487179486,T1067_AlphaFold,ECMDB20059,SER,164,CA,24.19680688149482,-6.9,-13.105461538461537,-4.3913846153846166,2.130230769230769
T1067_Target,ECMDB20062,GLY,179,CA,4.668831546136386,-6.1,60.89895454545454,23.63086363636363,-7.168409090909089,T1067_AlphaFold,ECMDB20062,GLY,179,CA,7.9055268597198545,-6.6,-4.476545454545454,8.901409090909091,8.058681818181817
T1067_Target,ECMDB20068,SER,164,CA,4.891051001503206,-5.2,63.24712499999999,20.412208333333336,-6.534583333333334,T1067_AlphaFold,ECMDB20068,SER,164,CA,22.36202490357692,-5.7,-12.107375000000003,-2.8490416666666665,1.8967499999999997
T1067_Target,ECMDB20078,GLY,179,CA,5.351307173522921,-5.9,60.091470588235296,23.30632352941177,-8.361147058823528,T1067_AlphaFold,ECMDB20078,GLY,179,CA,8.411603312879928,-6.4,-0.9363823529411763,12.416911764705882,1.9581470588235297
T1067_Target,ECMDB20079,SER,164,CA,5.012285814675778,-6.1,62.19928000000001,21.104200000000002,-6.56836,T1067_AlphaFold,ECMDB20079,SER,164,CA,6.753594343044304,-6.2,-1.56552,10.988599999999998,0.7708000000000002
T1067_Target,ECMDB20081,THR,150,CA,5.487014363793133,-5.7,51.397625,32.79616666666666,5.6347916666666675,T1067_AlphaFold,ECMDB20081,THR,150,CA,6.857459480831804,-6.2,-12.673541666666665,-3.5495416666666664,2.388333333333333
T1067_Target,ECMDB20083,SER,206,CA,4.172977345747879,-6.3,66.62859999999999,19.471875,-7.3794499999999985,T1067_AlphaFold,ECMDB20083,SER,206,CA,6.409993513793519,-6.3,-3.604375,11.341774999999997,3.6506750000000006
T1067_Target,ECMDB20088,SER,164,CA,6.372454979146578,-5.5,62.81670000000001,23.439625,-8.584174999999998,T1067_AlphaFold,ECMDB20088,SER,164,CA,22.373174390620676,-5.5,-14.020374999999996,-2.0874999999999995,0.27864999999999995
T1067_Target,ECMDB20096,THR,150,CA,6.213228141435689,-7.9,51.049531914893635,31.996957446808526,3.4555957446808505,T1067_AlphaFold,ECMDB20096,THR,150,CA,19.878185903689477,-8.7,-2.692978723404255,11.97700000000001,3.316723404255319
T1067_Target,ECMDB20099,SER,164,CA,4.468994330569986,-7.1,62.78206666666667,20.395766666666667,-6.883366666666666,T1067_AlphaFold,ECMDB20099,SER,164,CA,22.791427718040538,-7.3,-12.206133333333334,-3.2157333333333336,2.261733333333333
T1067_Target,ECMDB20106,SER,164,CA,4.582712621480255,-6.1,63.30331818181819,20.396863636363637,-7.04581818181818,T1067_AlphaFold,ECMDB20106,SER,164,CA,7.62638328395588,-5.6,-3.3902727272727273,10.161499999999998,1.2938181818181818
T1067_Target,ECMDB20110,HIS,140,CA,5.835942423165311,-8.2,62.2811914893617,26.445425531914903,-8.887936170212766,T1067_AlphaFold,ECMDB20110,HIS,140,CA,6.777153072208616,-8.2,-2.233425531914894,13.258744680851063,3.98391489361702
T1067_Target,ECMDB20112,HIS,140,CA,5.0548760997680935,-7.5,62.93795918367346,28.200959183673465,-8.602183673469389,T1067_AlphaFold,ECMDB20112,HIS,140,CA,9.424029149811302,-7.5,-5.953224489795918,10.067755102040813,2.548285714285715
T1067_Target,ECMDB20113,ARG,178,CA,5.26400122313194,-7.6,62.743530612244896,28.503693877551015,-8.514306122448982,T1067_AlphaFold,ECMDB20113,ARG,178,CA,5.2854934875481385,-7.0,-5.976714285714285,10.135755102040816,2.369571428571428
T1067_Target,ECMDB20117,THR,150,CA,5.213589578548817,-6.8,51.672,32.31085185185185,5.1738888888888885,T1067_AlphaFold,ECMDB20117,THR,150,CA,8.43388345104695,-6.9,-12.296740740740741,-2.879814814814815,4.141962962962962
T1067_Target,ECMDB20123,SER,164,CA,5.134083238275602,-5.8,63.038652173913036,21.305304347826088,-7.020695652173914,T1067_AlphaFold,ECMDB20123,SER,164,CA,5.605081076766566,-5.5,-1.7587826086956526,12.019,0.2957826086956522
T1067_Target,ECMDB20133,GLY,179,CA,4.043854166974904,-7.1,58.6636590909091,23.01488636363637,-7.057409090909091,T1067_AlphaFold,ECMDB20133,GLY,179,CA,6.062002373288908,-7.3,-2.6455227272727275,10.276000000000002,3.0879772727272727
T1067_Target,ECMDB20139,GLY,179,CA,6.141659562627189,-6.0,61.97302222222224,23.73362222222222,-8.345133333333333,T1067_AlphaFold,ECMDB20139,GLY,179,CA,12.593609364149346,-6.7,-13.560511111111108,-3.9003999999999994,2.5215333333333336
T1067_Target,ECMDB20145,VAL,233,CA,5.00817801350951,-5.0,49.64655,32.106449999999995,7.179099999999998,T1067_AlphaFold,ECMDB20145,VAL,233,CA,27.154327193515584,-4.6,-1.36275,12.371099999999998,0.29859999999999987
T1067_Target,ECMDB20148,HIS,140,CA,6.534541017785812,-6.7,63.036024999999974,23.744099999999996,-8.91595,T1067_AlphaFold,ECMDB20148,HIS,140,CA,20.77673757959247,-6.6,-13.025675000000001,-2.8867,2.0536749999999997
T1067_Target,ECMDB20154,SER,206,CA,4.696649743388508,-5.7,64.86322222222222,19.493333333333336,-6.958148148148148,T1067_AlphaFold,ECMDB20154,SER,206,CA,19.514658015755217,-5.0,-12.799999999999999,-2.7558518518518516,3.4889259259259253
T1067_Target,ECMDB20155,TYR,149,CA,6.208811376942918,-5.0,52.23012195121951,33.680609756097574,4.098756097560976,T1067_AlphaFold,ECMDB20155,TYR,149,CA,17.945031564510526,-5.3,-2.542317073170732,11.648146341463416,2.4315609756097563
T1067_Target,ECMDB20156,GLY,179,CA,4.66324913779841,-7.0,59.96097727272726,25.07236363636364,-8.123454545454544,T1067_AlphaFold,ECMDB20156,GLY,179,CA,8.595653247366775,-7.9,-0.4894545454545453,11.917295454545457,2.8830227272727273
T1067_Target,ECMDB20157,TYR,149,CA,6.27980844859226,-6.0,52.10310344827587,33.114206896551735,3.5304482758620703,T1067_AlphaFold,ECMDB20157,TYR,149,CA,16.664968883862905,-6.9,-2.2608620689655177,10.111103448275863,2.920206896551723
T1067_Target,ECMDB20158,GLY,179,CA,4.328554028844389,-6.6,59.707575,25.3195,-7.877,T1067_AlphaFold,ECMDB20158,GLY,179,CA,9.015136284812892,-7.3,-0.6810499999999996,13.030274999999998,1.9690749999999997
T1067_Target,ECMDB20161,GLY,179,CA,5.072421006376739,-5.5,59.52078787878788,26.289181818181813,-8.642999999999999,T1067_AlphaFold,ECMDB20161,GLY,179,CA,5.029686820964906,-5.3,-4.453575757575758,10.787515151515152,2.423636363636364
T1067_Target,ECMDB20170,SER,164,CA,4.528816023126758,-6.9,62.292263157894745,21.784105263157898,-9.567131578947372,T1067_AlphaFold,ECMDB20170,SER,164,CA,9.894096011373222,-6.8,-4.938605263157894,9.75736842105263,4.540657894736842
T1067_Target,ECMDB20171,ALA,136,CA,5.88498505354515,-6.1,64.52902941176472,34.69370588235295,-8.527588235294118,T1067_AlphaFold,ECMDB20171,ALA,136,CA,24.412924779204282,-6.9,-12.831382352941175,-3.574941176470588,3.1549117647058824
T1067_Target,ECMDB20174,GLY,254,CA,5.102510070583711,-6.0,48.359285714285704,30.237714285714297,5.301,T1067_AlphaFold,ECMDB20174,GLY,254,CA,12.26176506925167,-6.7,-12.235500000000002,-3.5290714285714286,3.580535714285714
T1067_Target,ECMDB20175,SER,164,CA,4.935262153485823,-6.0,62.55656521739131,20.96230434782609,-6.6612608695652185,T1067_AlphaFold,ECMDB20175,SER,164,CA,7.809176181835146,-5.5,-2.91295652173913,10.36721739130435,2.179260869565218
T1067_Target,ECMDB20177,SER,164,CA,4.50019468516525,-6.2,63.04851851851851,20.79266666666667,-7.495518518518517,T1067_AlphaFold,ECMDB20177,SER,164,CA,22.14986421656059,-6.0,-12.599481481481483,-2.2161111111111107,2.670888888888889
T1067_Target,ECMDB20178,THR,150,CA,5.313241058692697,-6.0,50.520666666666656,32.447900000000004,6.1693999999999996,T1067_AlphaFold,ECMDB20178,THR,150,CA,19.21095207858152,-6.2,-2.200066666666667,11.248400000000004,2.6760333333333337
T1067_Target,ECMDB20186,SER,206,CA,5.260866250335962,-5.9,63.41372413793103,21.466413793103445,-7.254206896551723,T1067_AlphaFold,ECMDB20186,SER,206,CA,5.319347685259033,-5.5,-1.2412413793103445,12.518827586206896,1.470862068965517
T1067_Target,ECMDB20187,SER,206,CA,4.8662236716811496,-5.5,64.86724137931034,20.372103448275865,-7.862827586206897,T1067_AlphaFold,ECMDB20187,SER,206,CA,6.131069416622092,-5.0,-2.7581379310344833,11.872206896551722,1.63851724137931
T1067_Target,ECMDB20188,SER,206,CA,4.65257114744074,-5.7,64.4854516129032,20.022096774193553,-6.911935483870968,T1067_AlphaFold,ECMDB20188,SER,206,CA,4.385580245236535,-5.6,-1.052516129032258,11.348935483870967,1.918548387096774
T1067_Target,ECMDB20189,SER,164,CA,5.268757594227942,-5.2,63.205785714285696,21.7725,-7.657071428571428,T1067_AlphaFold,ECMDB20189,SER,164,CA,23.322828481310374,-5.1,-12.777249999999997,-3.5677857142857152,2.125785714285714
T1067_Target,ECMDB20191,THR,150,CA,5.2269742648650235,-6.8,51.26682142857142,32.6825,6.184571428571429,T1067_AlphaFold,ECMDB20191,THR,150,CA,6.450332973627273,-7.0,-12.927321428571428,-4.174428571428572,1.9285714285714288
T1067_Target,ECMDB20192,SER,164,CA,4.555522175494276,-5.6,63.085076923076926,20.537538461538457,-7.088730769230768,T1067_AlphaFold,ECMDB20192,SER,164,CA,7.791131800372085,-5.2,-2.0975769230769234,10.410192307692311,2.156230769230769
T1067_Target,ECMDB20196,GLY,179,CA,4.776279546762672,-6.0,60.58423529411763,23.600676470588233,-7.529823529411764,T1067_AlphaFold,ECMDB20196,GLY,179,CA,11.856779019749982,-7.0,-12.998294117647056,-3.437529411764706,2.0130588235294113
T1067_Target,ECMDB20202,GLY,179,CA,4.841454360778865,-7.2,59.58073913043477,23.626608695652177,-8.107326086956524,T1067_AlphaFold,ECMDB20202,GLY,179,CA,13.800655175400962,-7.1,-13.264043478260868,-4.797130434782609,5.177347826086957
T1067_Target,ECMDB20226,GLY,179,CA,5.58263705120633,-6.5,61.88379411764706,24.29108823529411,-7.8367941176470595,T1067_AlphaFold,ECMDB20226,GLY,179,CA,10.721176021770763,-6.5,1.0394411764705886,13.754088235294116,1.3576176470588237
T1067_Target,ECMDB20238,TYR,149,CA,5.271752881309978,-6.0,53.70771999999999,32.80596,3.46296,T1067_AlphaFold,ECMDB20238,TYR,149,CA,5.286892783932733,-6.9,-12.07124,-3.26824,2.00544
T1067_Target,ECMDB20246,GLY,179,CA,6.057093984561296,-6.9,61.95816666666667,23.644083333333334,-8.206944444444444,T1067_AlphaFold,ECMDB20246,GLY,179,CA,6.311854611061063,-6.9,-2.3836944444444446,10.83444444444444,2.02125
T1067_Target,ECMDB20267,SER,164,CA,5.371018304248031,-6.3,61.89591176470588,22.424470588235287,-8.03120588235294,T1067_AlphaFold,ECMDB20267,SER,164,CA,9.476396830554238,-6.1,-3.4246176470588234,9.718176470588235,4.167352941176471
T1067_Target,ECMDB20281,ARG,178,CA,6.007380341626917,-8.3,62.10991379310344,25.717999999999993,-8.756534482758623,T1067_AlphaFold,ECMDB20281,ARG,178,CA,11.251055302294066,-6.7,-14.048379310344828,-3.28051724137931,2.5923275862068973
T1067_Target,ECMDB20298,ARG,178,CA,5.248874307887354,-6.7,62.33819047619046,29.427452380952385,-8.704595238095237,T1067_AlphaFold,ECMDB20298,ARG,178,CA,6.159249788758161,-6.9,-3.691357142857144,10.455261904761905,3.885047619047619
T1067_Target,ECMDB20324,GLY,179,CA,4.085308567043986,-6.6,59.680111111111124,24.48913888888889,-7.513972222222222,T1067_AlphaFold,ECMDB20324,GLY,179,CA,4.768145835472459,-7.2,-3.8562777777777777,10.27652777777778,1.141861111111111
T1067_Target,ECMDB20325,THR,150,CA,5.277348097653645,-6.7,51.6887741935484,32.256129032258066,4.9611935483870955,T1067_AlphaFold,ECMDB20325,THR,150,CA,17.832469898431345,-6.8,-1.9186451612903217,9.560999999999998,2.5290645161290324
T1067_Target,ECMDB20347,SER,164,CA,5.2331144434053565,-5.8,62.70974074074074,21.931814814814814,-7.664481481481483,T1067_AlphaFold,ECMDB20347,SER,164,CA,24.588259697450034,-5.9,-13.027592592592589,-4.8597777777777775,2.1667407407407406
T1067_Target,ECMDB20428,THR,150,CA,5.960406755954544,-6.0,51.33842857142857,32.71910714285714,4.5479642857142855,T1067_AlphaFold,ECMDB20428,THR,150,CA,18.109442928373596,-6.8,-2.1574642857142856,9.990107142857143,2.5678571428571426
T1067_Target,ECMDB20429,THR,150,CA,6.364503849936727,-5.2,51.17528124999999,32.98078125,4.270062500000001,T1067_AlphaFold,ECMDB20429,THR,150,CA,20.879971909357227,-5.6,-5.481781249999999,9.1089375,11.022906250000004
T1067_Target,ECMDB20469,GLU,163,CA,3.2837572882220556,-3.9,61.72458333333335,21.465187499999995,-12.003229166666669,T1067_AlphaFold,ECMDB20469,GLU,163,CA,16.932136671506843,-2.2,-16.664041666666666,3.6129374999999997,-4.882416666666667
T1067_Target,ECMDB20470,LEU,71,CA,5.770527583224081,-2.6,60.058524999999996,22.84665,29.823375,T1067_AlphaFold,ECMDB20470,LEU,71,CA,22.762163837687964,-2.3,-21.624274999999994,-16.992150000000002,-7.4464749999999995
T1067_Target,ECMDB20485,ARG,178,CA,4.868328247235553,-7.0,61.58105357142855,31.27346428571429,-7.945410714285714,T1067_AlphaFold,ECMDB20485,ARG,178,CA,5.841294296557258,-6.1,-5.932303571428574,11.181607142857144,4.617249999999999
T1067_Target,ECMDB20518,SER,164,CA,4.699540448011547,-6.1,62.872370370370376,20.829296296296295,-7.055444444444445,T1067_AlphaFold,ECMDB20518,SER,164,CA,6.237046423631541,-6.0,-2.3557037037037034,11.78074074074074,1.4544814814814815
T1067_Target,ECMDB20537,SER,206,CA,4.1692607636035905,-7.7,66.71141025641026,18.506897435897436,-6.145461538461539,T1067_AlphaFold,ECMDB20537,SER,206,CA,6.697475952583719,-7.6,-4.1360769230769225,10.310435897435895,3.431128205128205
T1067_Target,ECMDB20547,LYS,134,CA,5.005205197716673,-5.2,59.72962500000001,28.219374999999996,-9.566299999999998,T1067_AlphaFold,ECMDB20547,LYS,134,CA,12.940716578135268,-6.6,-4.45875,10.22605,1.7123749999999998
T1067_Target,ECMDB20549,THR,150,CA,5.664098922745634,-6.7,51.49194736842105,32.280157894736845,4.404999999999999,T1067_AlphaFold,ECMDB20549,THR,150,CA,18.264933139470703,-6.4,-3.6670263157894745,10.329710526315788,3.7142894736842096
T1067_Target,ECMDB20557,SER,164,CA,5.099523169986043,-5.5,62.60985714285715,22.157642857142857,-8.637357142857143,T1067_AlphaFold,ECMDB20557,SER,164,CA,22.429381020676054,-5.7,-12.480964285714284,-2.7560000000000007,1.8454285714285716
T1067_Target,ECMDB20558,THR,150,CA,4.425025874337187,-6.5,50.28267741935484,30.9288064516129,5.802483870967741,T1067_AlphaFold,ECMDB20558,THR,150,CA,6.580279499486566,-6.2,-12.440322580645162,-3.926903225806452,2.299870967741936
T1067_Target,ECMDB20562,SER,164,CA,5.536017005778068,-7.1,62.864976744186045,22.669674418604657,-9.599744186046513,T1067_AlphaFold,ECMDB20562,SER,164,CA,8.138215154970974,-6.6,-2.6180697674418605,10.29086046511628,2.6910232558139535
T1067_Target,ECMDB20564,GLY,179,CA,5.387213382594009,-7.5,58.3721,26.383639999999996,-9.1327,T1067_AlphaFold,ECMDB20564,GLY,179,CA,4.670261486255347,-7.4,-7.3719,11.09854,2.67722
T1067_Target,ECMDB20573,SER,206,CA,4.392652926542371,-5.6,67.54442857142857,18.21962857142857,-6.3591999999999995,T1067_AlphaFold,ECMDB20573,SER,206,CA,3.8968851759175176,-5.7,-0.9277428571428572,11.037314285714283,2.739771428571428
T1067_Target,ECMDB20575,TYR,149,CA,5.583991841465701,-6.4,52.21996666666667,32.562,4.148466666666667,T1067_AlphaFold,ECMDB20575,TYR,149,CA,5.112968165361488,-6.9,-11.875433333333335,-4.475733333333333,2.7250333333333336
T1067_Target,ECMDB20579,ARG,178,CA,4.1983592015229885,-8.4,60.9067857142857,29.255642857142853,-8.158410714285717,T1067_AlphaFold,ECMDB20579,ARG,178,CA,7.397698290964929,-8.3,-3.275285714285715,11.299625000000002,2.3133214285714296
T1067_Target,ECMDB20594,SER,164,CA,5.442114079730845,-6.7,62.74,21.46884615384615,-6.527307692307693,T1067_AlphaFold,ECMDB20594,SER,164,CA,8.420545190644862,-6.9,-2.140846153846154,9.571461538461538,1.9146153846153844
T1067_Target,ECMDB20601,SER,164,CA,5.924747866182631,-7.5,62.341612903225816,22.890806451612907,-7.890161290322579,T1067_AlphaFold,ECMDB20601,SER,164,CA,9.76570056282858,-8.2,-3.2544838709677415,9.442580645161287,4.300483870967742
T1067_Target,ECMDB20608,TYR,149,CA,5.442549174157021,-7.4,51.990861111111116,32.2745,4.492277777777778,T1067_AlphaFold,ECMDB20608,TYR,149,CA,17.988588206643954,-7.0,-2.7225833333333336,11.643361111111112,3.0644444444444443
T1067_Target,ECMDB20612,HIS,140,CA,4.343326639069473,-7.1,63.62957142857146,28.975452380952383,-9.04102380952381,T1067_AlphaFold,ECMDB20612,HIS,140,CA,21.129313248257045,-6.3,-13.707928571428576,-3.365190476190476,3.0316666666666667
T1067_Target,ECMDB20613,ARG,178,CA,4.556465221324793,-8.2,62.5418139534884,27.22697674418605,-7.450627906976746,T1067_AlphaFold,ECMDB20613,ARG,178,CA,5.421693506320124,-7.3,-4.133418604651161,9.640604651162791,6.056651162790702
T1067_Target,ECMDB20620,ILE,122,CA,4.433794580960497,-5.9,64.71851162790698,21.420488372093022,-13.689953488372096,T1067_AlphaFold,ECMDB20620,ILE,122,CA,44.89322696374093,-5.2,-16.60720930232558,-16.015627906976746,-9.028581395348834
T1067_Target,ECMDB20622,ALA,136,CA,5.633345942927287,-6.3,64.15950000000001,33.72340624999999,-8.8961875,T1067_AlphaFold,ECMDB20622,ALA,136,CA,8.884387736097098,-7.3,-2.0399375,9.699937499999999,2.85975
T1067_Target,ECMDB21000,GLN,240,CA,5.5278182200466395,-6.9,58.11914893617021,37.73051063829787,20.104765957446812,T1067_AlphaFold,ECMDB21000,GLN,240,CA,26.81744606597698,-6.7,-5.129170212765959,10.508638297872338,7.740255319148935
T1067_Target,ECMDB21005,THR,236,CA,5.606032683915162,-6.1,53.69804166666666,34.589666666666666,4.101583333333333,T1067_AlphaFold,ECMDB21005,THR,236,CA,23.719530224833825,-6.5,1.404375,13.037333333333331,0.3200416666666667
T1067_Target,ECMDB21014,ILE,230,CA,6.407939940049278,-2.2,42.499431372549026,26.755823529411764,18.880803921568628,T1067_AlphaFold,ECMDB21014,ILE,230,CA,20.985111827478182,-2.2,-14.012764705882354,-18.839058823529413,9.896
T1067_Target,ECMDB21015,VAL,233,CA,7.676982685717396,-2.6,50.74630769230768,35.30057692307693,3.2861923076923087,T1067_AlphaFold,ECMDB21015,VAL,233,CA,25.444692495134756,-2.2,4.620423076923078,-24.041423076923056,-8.648711538461539
T1067_Target,ECMDB21016,ASP,235,CA,5.439822249230536,-3.5,52.67411111111111,39.40438888888889,5.417296296296298,T1067_AlphaFold,ECMDB21016,ASP,235,CA,17.445787983509636,-1.7,0.011537037037037009,-22.958666666666666,6.896388888888887
T1067_Target,ECMDB21017,GLY,201,CA,4.180881522372252,-3.2,77.74278431372548,17.848058823529406,9.217803921568628,T1067_AlphaFold,ECMDB21017,GLY,201,CA,18.73480132646254,-1.6,9.43476470588235,4.84464705882353,16.56833333333334
T1067_Target,ECMDB21018,ASP,55,CA,7.449198608260119,-2.0,61.56626415094338,39.902943396226426,-7.89366037735849,T1067_AlphaFold,ECMDB21018,ASP,55,CA,13.226288865330423,-2.5,-11.826094339622644,-12.491113207547174,12.89050943396226
T1067_Target,ECMDB21019,TYR,251,CA,7.023698993144302,-2.6,41.57144444444444,33.83711111111111,18.480944444444443,T1067_AlphaFold,ECMDB21019,TYR,251,CA,12.699354570253908,-2.3,-16.445648148148155,-12.484592592592593,8.77662962962963
T1067_Target,ECMDB21020,LYS,134,CA,6.75303345974845,-2.1,54.70578571428572,27.83485714285714,-11.043553571428575,T1067_AlphaFold,ECMDB21020,LYS,134,CA,42.64151685693944,-2.5,-17.935125,-15.289946428571431,11.08944642857143
T1067_Target,ECMDB21021,GLY,254,CA,7.191577379123212,-2.4,44.929469387755105,31.045714285714283,1.9067142857142854,T1067_AlphaFold,ECMDB21021,GLY,254,CA,34.105159232986615,-2.7,11.046428571428573,1.47534693877551,12.58740816326531
T1067_Target,ECMDB21024,GLY,229,CA,3.0602748147333063,-2.8,39.98967346938776,25.169918367346934,14.652306122448984,T1067_AlphaFold,ECMDB21024,GLY,229,CA,34.627930153077024,-2.3,5.161816326530612,17.87189795918368,-13.506224489795917
T1067_Target,ECMDB21025,LEU,71,CA,5.203570405945041,-2.6,57.84841176470587,22.93686274509804,29.840392156862745,T1067_AlphaFold,ECMDB21025,LEU,71,CA,38.03265777111755,-4.4,0.8147647058823533,15.90629411764706,0.6545882352941179
T1067_Target,ECMDB21026,ARG,178,CA,3.972848231671514,-3.4,61.00003921568629,27.40794117647059,-7.658705882352942,T1067_AlphaFold,ECMDB21026,ARG,178,CA,25.679410848714994,-2.4,-11.105254901960784,-19.40409803921569,9.505823529411765
T1067_Target,ECMDB21027,ALA,90,CA,4.147307374664926,-3.0,78.55113207547168,22.46173584905661,4.477509433962264,T1067_AlphaFold,ECMDB21027,ALA,90,CA,34.78957780814626,-2.4,-11.094037735849053,-23.803905660377353,-6.521660377358489
T1067_Target,ECMDB21028,ILE,230,CA,6.29469651710064,-2.8,42.23008163265307,31.31038775510203,19.0449387755102,T1067_AlphaFold,ECMDB21028,ILE,230,CA,35.8330063935403,-2.4,-8.29967346938776,9.156367346938774,18.224244897959185
T1067_Target,ECMDB21030,ASN,103,CA,3.3824338391217093,-2.6,49.19646153846153,21.551961538461534,24.261000000000017,T1067_AlphaFold,ECMDB21030,ASN,103,CA,18.107441815959078,-2.6,-20.41415384615385,-15.664846153846158,-8.104384615384616
T1067_Target,ECMDB21033,VAL,53,CA,5.519881976999145,-2.8,73.2181090909091,36.499672727272724,-0.08410909090909087,T1067_AlphaFold,ECMDB21033,VAL,53,CA,20.471409903513877,-2.1,-14.406745454545455,-12.635690909090911,9.53230909090909
T1067_Target,ECMDB21037,THR,238,CA,4.578602030328265,-2.6,60.84331481481482,42.5186111111111,14.212925925925923,T1067_AlphaFold,ECMDB21037,THR,238,CA,23.121611347033426,-3.1,-6.266092592592592,10.382055555555555,6.446777777777778
T1067_Target,ECMDB21041,GLN,240,CA,7.212144188715053,-2.1,57.022692307692296,45.3690769230769,13.146923076923077,T1067_AlphaFold,ECMDB21041,GLN,240,CA,44.399077475706484,-2.2,5.810307692307695,25.603461538461538,1.8630384615384616
T1067_Target,ECMDB21042,GLY,179,CA,5.477006185660776,-3.5,60.97026923076926,25.300788461538453,-8.533423076923075,T1067_AlphaFold,ECMDB21042,GLY,179,CA,5.763952166945889,-3.6,-5.861884615384617,10.903692307692305,4.745884615384615
T1067_Target,ECMDB21044,GLN,79,CA,4.522726047289854,-3.6,44.45437037037036,30.02709259259259,20.695444444444448,T1067_AlphaFold,ECMDB21044,GLN,79,CA,42.11953568171435,-2.7,6.47809259259259,21.475740740740733,-0.2767962962962964
T1067_Target,ECMDB21045,HIS,155,CA,4.601235606082207,-2.8,48.25155357142855,16.467839285714284,-2.5661428571428577,T1067_AlphaFold,ECMDB21045,HIS,155,CA,14.061130915497792,-2.4,-9.263964285714284,11.75960714285714,0.006803571428571782
T1067_Target,ECMDB21049,GLU,117,CA,8.509720162696954,-2.8,76.70380769230768,33.66461538461538,2.335749999999999,T1067_AlphaFold,ECMDB21049,GLU,117,CA,15.912957579308063,-3.2,7.367076923076923,17.755673076923074,1.0099807692307694
T1067_Target,ECMDB21050,TYR,159,CA,4.274829178768889,-2.5,51.222452830188686,14.079339622641504,-6.572867924528302,T1067_AlphaFold,ECMDB21050,TYR,159,CA,33.40793488341414,-2.3,-13.408113207547169,-20.42067924528302,-7.764660377358491
T1067_Target,ECMDB21054,PRO,60,CA,5.920097000433818,-3.2,70.01318181818182,41.02627272727273,3.8830727272727277,T1067_AlphaFold,ECMDB21054,PRO,60,CA,17.713184410237318,-2.6,-12.4156,4.8164181818181815,8.913672727272726
T1067_Target,ECMDB21055,TYR,264,CA,4.629249709781723,-2.1,77.7365185185185,31.833037037037034,13.17335185185185,T1067_AlphaFold,ECMDB21055,TYR,264,CA,12.783766473821464,-2.3,12.228759259259261,2.007074074074074,12.04009259259259
T1067_Target,ECMDB21060,THR,110,CA,5.940331502910855,-2.1,70.00762745098038,10.254156862745099,15.287156862745102,T1067_AlphaFold,ECMDB21060,THR,110,CA,29.925130738608296,-2.5,-15.294098039215687,-20.0504705882353,-9.573372549019608
T1067_Target,ECMDB21062,TYR,243,CA,6.058418489637852,-2.6,52.35015094339624,46.19288679245284,15.105886792452827,T1067_AlphaFold,ECMDB21062,TYR,243,CA,39.108716364882056,-1.7,10.082603773584903,-5.761773584905661,-18.24016981132076
T1067_Target,ECMDB21063,THR,177,CA,4.952218929121497,-3.0,54.820428571428565,35.335510204081636,-2.4619795918367346,T1067_AlphaFold,ECMDB21063,THR,177,CA,6.779088853947304,-2.4,-15.99228571428571,2.1494693877551025,0.46685714285714286
T1067_Target,ECMDB21064,TYR,121,CA,6.061283367214543,-1.9,75.21675471698111,24.959735849056614,-18.843056603773586,T1067_AlphaFold,ECMDB21064,TYR,121,CA,27.302979756825764,-2.7,8.539830188679247,-9.952358490566034,11.401622641509435
T1067_Target,ECMDB21065,ALA,136,CA,6.223286289931016,-2.1,59.310529411764726,35.305313725490194,-11.340156862745102,T1067_AlphaFold,ECMDB21065,ALA,136,CA,18.80462122163378,-2.6,9.024176470588236,5.199960784313724,12.734960784313724
T1067_Target,ECMDB21066,LYS,152,CA,9.179748745214967,-1.9,46.07400000000002,32.019547169811325,-1.0580943396226414,T1067_AlphaFold,ECMDB21066,LYS,152,CA,29.012745402144706,-2.5,7.752396226415094,21.267132075471693,-3.666622641509434
T1067_Target,ECMDB21067,THR,177,CA,6.481976617331091,-2.3,53.63549999999999,36.432648148148154,-2.2074444444444445,T1067_AlphaFold,ECMDB21067,THR,177,CA,23.659953124036804,-2.5,11.604888888888889,7.954796296296299,10.505333333333333
T1067_Target,ECMDB21068,ALA,136,CA,6.1136773625352525,-2.1,60.53892857142857,37.093589285714295,-10.589928571428572,T1067_AlphaFold,ECMDB21068,ALA,136,CA,39.93444198827847,-2.3,-21.68601785714286,-14.85617857142857,-5.561589285714285
T1067_Target,ECMDB21070,PHE,133,CA,6.402814741552728,-2.3,53.817134615384624,24.661634615384614,-15.303038461538458,T1067_AlphaFold,ECMDB21070,PHE,133,CA,12.332541199685407,-2.4,7.148942307692308,18.513788461538457,5.859903846153847
T1067_Target,ECMDB21073,TYR,111,CA,7.916694412660316,-2.2,75.05780769230772,11.735961538461536,14.928480769230775,T1067_AlphaFold,ECMDB21073,TYR,111,CA,26.20918810374889,-2.1,-3.3171923076923084,-17.718961538461535,10.259500000000001
T1067_Target,ECMDB21075,THR,177,CA,4.238493210785382,-2.3,55.736944444444454,32.31301851851851,-7.772166666666668,T1067_AlphaFold,ECMDB21075,THR,177,CA,22.588625911688148,-2.9,2.777407407407407,-12.414870370370364,10.513314814814814
T1067_Target,ECMDB21082,ARG,116,CA,6.383158839495804,-2.3,79.16879629629632,25.267611111111112,-0.32414814814814835,T1067_AlphaFold,ECMDB21082,ARG,116,CA,27.26836379137389,-2.3,-9.857592592592589,13.168888888888887,-13.106703703703708
T1067_Target,ECMDB21084,LYS,152,CA,5.457797548830405,-2.8,49.64440740740741,29.456629629629628,0.01627777777777796,T1067_AlphaFold,ECMDB21084,LYS,152,CA,16.94020169938694,-2.6,-8.930185185185188,9.196777777777775,8.269296296296298
T1067_Target,ECMDB21086,GLU,176,CA,8.063620180812087,-2.6,50.97402,34.40206,1.00642,T1067_AlphaFold,ECMDB21086,GLU,176,CA,25.295249070266138,-2.1,3.8823400000000006,21.523239999999998,-9.975439999999999
T1067_Target,ECMDB21103,SER,190,CA,7.046749949663052,-3.7,72.88748484848485,16.635696969696973,-7.092363636363636,T1067_AlphaFold,ECMDB21103,SER,190,CA,32.281095375908535,-3.8,-14.061272727272728,-2.623787878787879,3.252606060606062
T1067_Target,ECMDB21104,GLU,163,CA,4.458431989153102,-3.9,59.80539024390245,23.85985365853659,-12.854487804878051,T1067_AlphaFold,ECMDB21104,GLU,163,CA,11.94157285840271,-2.9,4.004121951219512,21.999073170731712,-2.321463414634146
T1067_Target,ECMDB21105,ILE,122,CA,5.716313104079132,-3.8,65.08856097560975,22.498804878048777,-10.90982926829268,T1067_AlphaFold,ECMDB21105,ILE,122,CA,17.98703008796852,-2.2,6.569121951219512,22.209048780487805,-5.226951219512193
T1067_Target,ECMDB21106,GLN,79,CA,5.708733268368978,-3.0,43.66837777777778,29.61193333333334,21.860733333333336,T1067_AlphaFold,ECMDB21106,GLN,79,CA,8.337706225794614,-2.7,-17.50782222222222,-13.701933333333336,-11.034222222222224
T1067_Target,ECMDB21108,PHE,133,CA,6.192149450150748,-2.7,55.566432432432435,24.624567567567567,-13.851081081081078,T1067_AlphaFold,ECMDB21108,PHE,133,CA,46.726044833813425,-2.7,-17.003567567567565,-16.6285945945946,9.364027027027026
T1067_Target,ECMDB21109,LYS,134,CA,5.162738386051051,-2.4,57.269999999999996,30.106027027027032,-10.425486486486488,T1067_AlphaFold,ECMDB21109,LYS,134,CA,9.995780336091443,-4.2,-2.2647837837837836,12.956729729729725,0.6514054054054054
T1067_Target,HMDB0000010,VAL,233,CA,6.204198976155415,-6.7,51.026956521739145,33.486652173913036,5.264173913043478,T1067_AlphaFold,HMDB0000010,VAL,233,CA,28.985904734930347,-7.2,0.3196521739130435,13.41904347826087,1.479695652173913
T1067_Target,HMDB0000015,TYR,149,CA,6.076770373548726,-7.4,51.71918518518518,33.05925925925926,4.365185185185185,T1067_AlphaFold,HMDB0000015,TYR,149,CA,17.676533291119156,-7.4,-2.006481481481481,11.263185185185185,1.889
T1067_Target,HMDB0000016,GLY,179,CA,5.38837050025331,-7.0,61.11804000000002,23.8334,-8.05192,T1067_AlphaFold,HMDB0000016,GLY,179,CA,7.329487348403025,-7.3,-1.2434800000000001,11.18596,1.2372800000000002
T1067_Target,HMDB0000021,VAL,233,CA,4.823658383490415,-5.7,50.73616666666667,32.44077777777777,7.493111111111111,T1067_AlphaFold,HMDB0000021,VAL,233,CA,8.33894371401031,-5.8,-11.790277777777778,-3.719222222222223,2.0398333333333327
T1067_Target,HMDB0000032,TYR,57,CA,5.978998294864129,-6.9,54.191758620689654,37.213344827586205,2.4168620689655174,T1067_AlphaFold,HMDB0000032,TYR,57,CA,6.734584888785413,-6.9,-13.640931034482758,-1.616551724137931,5.711931034482758
T1067_Target,HMDB0000036,LYS,134,CA,5.629410545875747,-7.0,61.38925641025641,27.127974358974363,-9.288230769230767,T1067_AlphaFold,HMDB0000036,LYS,134,CA,12.26240127619848,-8.1,-2.447461538461539,11.271794871794873,3.5943333333333336
T1067_Target,HMDB0000037,TYR,149,CA,5.699787341741039,-6.9,53.00442857142858,33.56346428571429,4.065357142857143,T1067_AlphaFold,HMDB0000037,TYR,149,CA,18.05246476801035,-7.2,-1.9020357142857145,11.631642857142854,1.8490000000000002
T1067_Target,HMDB0000045,GLY,179,CA,5.964753119370009,-6.4,62.21714814814814,22.719666666666658,-7.27588888888889,T1067_AlphaFold,HMDB0000045,GLY,179,CA,11.408915194424937,-6.8,-12.759296296296293,-2.978037037037037,2.5655185185185183
T1067_Target,HMDB0000054,VAL,233,CA,6.190766859723699,-7.8,50.55136170212766,33.69993617021275,5.055468085106381,T1067_AlphaFold,HMDB0000054,VAL,233,CA,28.0929403736908,-7.6,-0.6132340425531916,12.856425531914896,2.4784468085106393
T1067_Target,HMDB0000058,TYR,149,CA,5.5698280820865484,-6.5,52.56232000000001,33.532799999999995,4.83304,T1067_AlphaFold,HMDB0000058,TYR,149,CA,17.018122211101904,-7.0,-2.8855599999999995,10.9514,-0.6872799999999999
T1067_Target,HMDB0000061,SER,164,CA,5.503635950189857,-6.6,60.651066666666665,22.528533333333332,-7.864499999999999,T1067_AlphaFold,HMDB0000061,SER,164,CA,8.468977579967962,-7.1,-2.9690000000000007,9.8922,2.673900000000001
T1067_Target,HMDB0000063,TYR,149,CA,5.727795450723334,-7.6,52.75082758620691,33.447620689655174,4.1450000000000005,T1067_AlphaFold,HMDB0000063,TYR,149,CA,16.27778758726223,-7.5,-2.926413793103449,9.818724137931031,3.384379310344827
T1067_Target,HMDB0000067,THR,150,CA,5.902323461263315,-7.8,51.47144827586207,32.61510344827587,4.446172413793105,T1067_AlphaFold,HMDB0000067,THR,150,CA,18.282209035496727,-6.9,-3.2477241379310353,10.144689655172415,3.8091034482758626
T1067_Target,HMDB0000082,THR,150,CA,5.4329645185713344,-6.6,49.898242424242426,31.01751515151514,4.463212121212122,T1067_AlphaFold,HMDB0000082,THR,150,CA,19.959883887042167,-6.4,-0.6025757575757579,11.744060606060602,1.4504545454545457
T1067_Target,HMDB0000095,SER,164,CA,5.140138702719998,-6.2,62.119440000000004,21.074360000000002,-6.318,T1067_AlphaFold,HMDB0000095,SER,164,CA,7.873373463109696,-6.2,-1.9003199999999998,9.903960000000001,1.24184
T1067_Target,HMDB0000125,SER,164,CA,4.736188857143748,-5.2,63.665423076923084,20.146192307692314,-6.834538461538461,T1067_AlphaFold,HMDB0000125,SER,164,CA,22.83200542685925,-5.0,-12.71242307692308,-2.8308461538461547,3.1366153846153844
T1067_Target,HMDB0000138,ARG,178,CA,5.546988000463191,-7.1,62.078729729729716,28.314864864864862,-9.179405405405404,T1067_AlphaFold,HMDB0000138,ARG,178,CA,6.922611101694443,-7.5,-3.480972972972973,11.264621621621622,4.111675675675675
T1067_Target,HMDB0000163,GLY,179,CA,5.485527693387564,-6.3,61.88322580645161,23.6881935483871,-7.47222580645161,T1067_AlphaFold,HMDB0000163,GLY,179,CA,11.797427478360698,-6.7,-12.655000000000003,-3.493806451612903,2.5191935483870966
T1067_Target,HMDB0000175,SER,206,CA,5.696743433232964,-6.5,63.175269230769224,22.63734615384615,-7.708115384615384,T1067_AlphaFold,HMDB0000175,SER,206,CA,5.238465873007357,-6.6,-2.6996538461538466,9.715499999999999,2.9745769230769232
T1067_Target,HMDB0000186,SER,164,CA,5.163432897722414,-6.7,62.59354838709679,20.43696774193549,-5.857709677419353,T1067_AlphaFold,HMDB0000186,SER,164,CA,23.323622255306326,-7.1,-12.570161290322583,-3.615354838709677,2.400612903225806
T1067_Target,HMDB0000217,ARG,178,CA,5.220773450630654,-7.5,61.743436363636356,25.99194545454545,-8.094418181818181,T1067_AlphaFold,HMDB0000217,ARG,178,CA,10.263680874337815,-7.7,-1.8547272727272723,14.176490909090905,3.8187818181818196
T1067_Target,HMDB0000218,GLY,179,CA,6.427927552167361,-5.9,62.21062962962964,24.431814814814814,-8.725999999999999,T1067_AlphaFold,HMDB0000218,GLY,179,CA,6.209153884736204,-6.4,-2.662,10.674629629629628,2.84811111111111
T1067_Target,HMDB0000221,SER,206,CA,4.3372059564228325,-8.1,66.9456181818182,19.096927272727278,-7.35989090909091,T1067_AlphaFold,HMDB0000221,SER,206,CA,6.6246981673079945,-7.8,-0.25629090909090935,14.605854545454546,0.5924181818181818
T1067_Target,HMDB0000222,THR,150,CA,6.48533564757714,-4.4,50.84028571428571,31.85939285714287,3.050392857142857,T1067_AlphaFold,HMDB0000222,THR,150,CA,10.364291652368586,-3.7,-14.539821428571427,-2.6888571428571426,5.2397857142857145
T1067_Target,HMDB0000229,THR,150,CA,4.7804491269157525,-7.0,50.96961538461538,31.983961538461532,6.033884615384614,T1067_AlphaFold,HMDB0000229,THR,150,CA,18.140781250994944,-7.0,-1.9381538461538466,10.072615384615384,2.160384615384616
T1067_Target,HMDB0000230,GLY,179,CA,6.555519757801396,-5.8,62.519999999999996,23.870814814814818,-8.478037037037037,T1067_AlphaFold,HMDB0000230,GLY,179,CA,12.515965166404039,-6.1,-12.695148148148148,-4.286777777777779,2.5468888888888888
T1067_Target,HMDB0000241,TYR,149,CA,7.216029935817028,-7.7,50.9988409090909,33.54329545454545,3.5778863636363636,T1067_AlphaFold,HMDB0000241,TYR,149,CA,17.19715164484411,-7.6,-6.533113636363635,11.266795454545456,4.163068181818182
T1067_Target,HMDB0000248,VAL,233,CA,5.184520116210464,-6.2,50.8615925925926,34.3952962962963,6.053370370370372,T1067_AlphaFold,HMDB0000248,VAL,233,CA,8.661101214844003,-6.2,-13.108777777777776,-3.670185185185186,3.961148148148148
T1067_Target,HMDB0000253,GLY,179,CA,5.774071426819542,-7.1,61.68108333333333,23.470499999999998,-7.976708333333332,T1067_AlphaFold,HMDB0000253,GLY,179,CA,7.175123289929898,-6.9,-1.5505000000000002,11.293208333333334,1.5501249999999998
T1067_Target,HMDB0000256,THR,236,CA,6.918805396164862,-4.8,52.746766666666666,35.35876666666666,2.983633333333333,T1067_AlphaFold,HMDB0000256,THR,236,CA,8.218913112314658,-5.0,-14.257000000000003,-2.5472333333333337,1.5454000000000003
T1067_Target,HMDB0000265,TYR,149,CA,5.878887142736887,-6.6,52.00607407407407,32.48337037037037,3.822074074074075,T1067_AlphaFold,HMDB0000265,TYR,149,CA,19.27240447910005,-6.2,-3.480777777777778,13.048185185185186,3.7846296296296296
T1067_Target,HMDB0000268,TYR,149,CA,5.4395154479671755,-7.2,52.733107142857136,33.29485714285715,4.54975,T1067_AlphaFold,HMDB0000268,TYR,149,CA,16.752851945372505,-6.9,-3.333107142857142,10.173464285714285,4.453071428571428
T1067_Target,HMDB0000269,TYR,149,CA,5.773905951083084,-4.2,53.3141923076923,33.516269230769225,3.612769230769231,T1067_AlphaFold,HMDB0000269,TYR,149,CA,5.909200160385748,-4.7,-12.878884615384614,-3.5976923076923075,2.121346153846154
T1067_Target,HMDB0000277,THR,236,CA,5.417277158072328,-4.5,53.967999999999996,36.391827586206894,3.873137931034483,T1067_AlphaFold,HMDB0000277,THR,236,CA,20.664538296519556,-4.7,-2.1222068965517242,11.554862068965516,2.0853448275862068
T1067_Target,HMDB0000280,SER,164,CA,4.9961039725484,-5.6,62.838750000000005,21.786083333333334,-8.063708333333333,T1067_AlphaFold,HMDB0000280,SER,164,CA,7.059092780867018,-5.6,-1.9276666666666669,10.694000000000003,1.0166666666666668
T1067_Target,HMDB0000285,GLY,179,CA,6.043743863185224,-6.5,62.493531250000004,24.482312500000006,-7.9390625,T1067_AlphaFold,HMDB0000285,GLY,179,CA,6.069680836585052,-7.0,-3.0940624999999997,9.22428125,4.7635000000000005
T1067_Target,HMDB0000286,ARG,178,CA,5.636287863617127,-7.1,62.24232558139537,26.550046511627908,-8.703511627906979,T1067_AlphaFold,HMDB0000286,ARG,178,CA,6.14422366205939,-7.2,-2.823511627906977,9.658837209302327,3.8330697674418612
T1067_Target,HMDB0000288,SER,164,CA,5.113361511391549,-6.4,63.274041666666655,21.746499999999997,-8.093166666666667,T1067_AlphaFold,HMDB0000288,SER,164,CA,22.535833254331063,-6.4,-12.097208333333333,-2.8676666666666666,2.8022500000000004
T1067_Target,HMDB0000290,GLY,179,CA,4.486874136313934,-6.2,58.60617391304349,23.411239130434776,-7.830717391304348,T1067_AlphaFold,HMDB0000290,GLY,179,CA,11.277159693233573,-6.7,0.3513913043478261,15.253782608695655,0.9917391304347823
T1067_Target,HMDB0000295,THR,150,CA,5.679630408893936,-6.5,51.61814285714286,33.04907142857143,5.5726428571428555,T1067_AlphaFold,HMDB0000295,THR,150,CA,7.6223764374929015,-6.3,-12.647321428571432,-2.800178571428572,3.030250000000001
T1067_Target,HMDB0000302,ARG,178,CA,5.271691832992927,-7.6,62.254534883720936,26.282139534883733,-8.082186046511628,T1067_AlphaFold,HMDB0000302,ARG,178,CA,10.48948967023251,-6.3,-13.442697674418604,-2.991581395348837,4.793139534883722
T1067_Target,HMDB0000308,THR,236,CA,6.145382215347065,-7.1,53.81810714285715,34.94235714285714,3.142071428571429,T1067_AlphaFold,HMDB0000308,THR,236,CA,19.93455775583994,-7.5,-2.0283928571428573,10.741821428571427,2.153857142857143
T1067_Target,HMDB0000315,TYR,149,CA,6.24790045563711,-7.5,53.43330769230768,34.16534615384616,3.438653846153846,T1067_AlphaFold,HMDB0000315,TYR,149,CA,17.21190760038186,-7.5,-1.5164615384615383,10.685307692307692,0.7541153846153846
T1067_Target,HMDB0000319,TYR,149,CA,6.004717488782893,-6.5,52.428758620689656,33.730310344827586,4.329999999999999,T1067_AlphaFold,HMDB0000319,TYR,149,CA,17.56748186710351,-7.2,-2.0437241379310342,11.167931034482756,1.8199655172413793
T1067_Target,HMDB0000326,TYR,149,CA,5.880749579533842,-7.5,52.542875,33.474062499999995,4.1203125,T1067_AlphaFold,HMDB0000326,TYR,149,CA,17.25831695296004,-7.0,-3.2282187500000004,11.009031249999996,3.0949999999999993
T1067_Target,HMDB0000332,TYR,149,CA,6.210021695614274,-7.0,52.7799,33.109199999999994,3.0028999999999995,T1067_AlphaFold,HMDB0000332,TYR,149,CA,17.204467531073956,-7.0,-2.3560666666666665,10.874500000000003,1.9277999999999993
T1067_Target,HMDB0000352,TYR,149,CA,5.6688844111530265,-7.3,53.07775,33.483791666666654,3.959166666666667,T1067_AlphaFold,HMDB0000352,TYR,149,CA,18.31677726621523,-7.2,-0.9920416666666666,11.643500000000003,1.1677083333333331
T1067_Target,HMDB0000359,TYR,149,CA,6.031296504276489,-7.6,52.39027272727272,33.69469696969698,4.276848484848485,T1067_AlphaFold,HMDB0000359,TYR,149,CA,16.128104355500938,-7.1,-3.578787878787879,9.795939393939394,3.6115151515151527
T1067_Target,HMDB0000363,TYR,149,CA,5.778724331110673,-7.4,52.200423076923066,33.14807692307692,4.384307692307693,T1067_AlphaFold,HMDB0000363,TYR,149,CA,7.000512568723241,-7.8,-13.101384615384614,-3.696538461538461,4.044307692307692
T1067_Target,HMDB0000374,GLU,163,CA,6.237188220344165,-7.2,61.9156,24.08396,-9.03812,T1067_AlphaFold,HMDB0000374,GLU,163,CA,7.374899810899125,-7.7,-1.9273999999999998,11.332120000000005,1.84492
T1067_Target,HMDB0000380,TYR,149,CA,6.2129336975545035,-6.9,52.42129166666667,33.73804166666666,3.9305416666666666,T1067_AlphaFold,HMDB0000380,TYR,149,CA,6.557234918737768,-6.9,-13.11125,-3.7989166666666665,3.264208333333334
T1067_Target,HMDB0000405,THR,236,CA,5.977873148844875,-6.9,54.425333333333334,35.66779166666667,2.8132499999999996,T1067_AlphaFold,HMDB0000405,THR,236,CA,21.175094390039522,-6.9,-1.7610833333333333,11.998958333333333,2.2399583333333335
T1067_Target,HMDB0000416,GLU,163,CA,6.4264746690404975,-7.3,62.75403448275861,24.023068965517236,-9.458103448275862,T1067_AlphaFold,HMDB0000416,GLU,163,CA,6.964473192239462,-6.8,-3.7649999999999997,11.621758620689654,3.3804482758620686
T1067_Target,HMDB0000418,TYR,149,CA,6.203097569506373,-7.1,51.66332258064516,33.18970967741936,4.325548387096775,T1067_AlphaFold,HMDB0000418,TYR,149,CA,16.76345298437697,-6.8,-3.8751612903225796,10.358451612903222,4.339290322580644
T1067_Target,HMDB0000430,THR,150,CA,6.393311075117022,-7.6,50.27315151515151,32.89281818181818,4.670515151515152,T1067_AlphaFold,HMDB0000430,THR,150,CA,19.525691518143677,-6.7,-3.479939393939394,11.789030303030302,3.517878787878789
T1067_Target,HMDB0000449,TYR,149,CA,6.043243745020942,-6.9,52.275749999999995,33.574285714285715,4.247178571428571,T1067_AlphaFold,HMDB0000449,TYR,149,CA,17.1977390609543,-7.3,-1.9638571428571425,10.667964285714286,2.4024642857142853
T1067_Target,HMDB0000489,SER,164,CA,4.762969057692582,-6.1,65.33651612903226,19.1761935483871,-8.281193548387098,T1067_AlphaFold,HMDB0000489,SER,164,CA,7.234699544304374,-6.3,-2.0130645161290324,10.317064516129035,0.527064516129032
T1067_Target,HMDB0000494,TYR,149,CA,6.337552059934737,-6.8,52.07461290322579,33.79087096774193,4.173548387096774,T1067_AlphaFold,HMDB0000494,TYR,149,CA,17.31433011222703,-7.7,-2.975741935483871,10.676709677419353,4.453290322580645
T1067_Target,HMDB0000496,MET,51,CA,6.764242043849242,-6.1,63.954100000000004,33.6612,-7.754333333333332,T1067_AlphaFold,HMDB0000496,MET,51,CA,13.99782040866839,-6.3,-3.7284333333333333,9.976266666666668,2.638966666666667
T1067_Target,HMDB0000501,HIS,140,CA,5.785066119760436,-7.8,62.624133333333326,25.44426666666666,-9.456766666666669,T1067_AlphaFold,HMDB0000501,HIS,140,CA,6.9443096092332235,-7.6,-2.497366666666666,11.755599999999998,3.782233333333333
T1067_Target,HMDB0000518,GLY,179,CA,6.519960878290951,-7.0,61.382233333333346,24.9816,-9.485800000000001,T1067_AlphaFold,HMDB0000518,GLY,179,CA,5.5551606006387315,-6.6,-3.7373333333333325,10.223099999999997,3.6926666666666668
T1067_Target,HMDB0000526,THR,236,CA,5.42624661160917,-7.1,54.482366666666664,36.761933333333324,3.495466666666667,T1067_AlphaFold,HMDB0000526,THR,236,CA,7.7226217184753185,-7.2,-13.502766666666668,-2.875466666666667,1.2343666666666666
T1067_Target,HMDB0000534,TYR,149,CA,6.351831374493507,-7.7,52.51033333333333,34.04333333333334,3.9345666666666665,T1067_AlphaFold,HMDB0000534,TYR,149,CA,16.782127386366195,-7.1,-5.2908333333333335,11.232366666666667,0.6095
T1067_Target,HMDB0000538,GLY,179,CA,6.185502817368481,-6.8,62.237742857142855,25.106714285714286,-8.472314285714285,T1067_AlphaFold,HMDB0000538,GLY,179,CA,6.174952621217893,-7.2,-3.7188285714285705,9.094485714285716,5.531542857142857
T1067_Target,HMDB0000550,TYR,149,CA,5.721624475478964,-8.2,52.16648000000001,33.03852,4.425760000000001,T1067_AlphaFold,HMDB0000550,TYR,149,CA,6.270508043978575,-7.1,-12.89596,-4.058239999999999,3.1664799999999995
T1067_Target,HMDB0000561,TYR,57,CA,5.264004416316539,-7.3,57.75744999999999,36.58330000000001,-1.4750500000000002,T1067_AlphaFold,HMDB0000561,TYR,57,CA,23.737929299159077,-7.4,-2.1439250000000003,15.102725000000001,-0.7625750000000001
T1067_Target,HMDB0000569,SER,206,CA,4.143400419547156,-6.3,65.21168421052633,20.725210526315788,-7.316394736842106,T1067_AlphaFold,HMDB0000569,SER,206,CA,4.0368913403639946,-6.2,-0.5449210526315789,11.861526315789472,2.654552631578948
T1067_Target,HMDB0000570,LYS,152,CA,6.048789988551429,-7.4,50.3098,30.8805,1.5666599999999997,T1067_AlphaFold,HMDB0000570,LYS,152,CA,12.984727265460755,-6.7,-7.77228,10.021239999999999,1.4543199999999994
T1067_Target,HMDB0000572,GLU,163,CA,4.279327020603973,-5.7,61.47724489795921,22.678408163265306,-10.593367346938773,T1067_AlphaFold,HMDB0000572,GLU,163,CA,7.852542402432953,-6.2,-2.5988979591836747,12.459224489795915,4.720755102040815
T1067_Target,HMDB0000582,TYR,149,CA,5.8049536906500645,-5.9,51.72623076923076,32.550384615384615,4.408269230769231,T1067_AlphaFold,HMDB0000582,TYR,149,CA,17.23260214405606,-6.0,-1.9741923076923074,10.757346153846155,2.0621923076923077
T1067_Target,HMDB0000585,THR,150,CA,5.735852805752845,-6.4,51.076130434782606,31.998195652173912,4.151630434782609,T1067_AlphaFold,HMDB0000585,THR,150,CA,19.00196063111803,-7.0,-2.1631086956521743,11.136043478260868,2.2678260869565214
T1067_Target,HMDB0000600,SER,164,CA,5.128062446859331,-5.6,62.01036666666666,22.167133333333336,-8.091199999999997,T1067_AlphaFold,HMDB0000600,SER,164,CA,23.68820005190113,-6.1,-12.629966666666668,-4.111066666666667,1.7445999999999997
T1067_Target,HMDB0000601,GLY,135,CA,5.551925315103748,-7.3,63.79057142857143,32.59720000000001,-8.72162857142857,T1067_AlphaFold,HMDB0000601,GLY,135,CA,9.894166208056797,-6.7,-4.1490857142857145,11.304914285714288,4.066628571428571
T1067_Target,HMDB0000610,GLU,176,CA,6.472320918669105,-5.2,51.11238297872341,32.51434042553191,0.6906382978723403,T1067_AlphaFold,HMDB0000610,GLU,176,CA,28.77308241187078,-4.4,15.554404255319145,-3.5035744680851075,-8.50555319148936
T1067_Target,HMDB0000619,TYR,149,CA,6.448634176262267,-6.8,52.02906250000001,33.815,4.032781249999999,T1067_AlphaFold,HMDB0000619,TYR,149,CA,17.894682937280034,-6.7,-4.02925,11.741312500000001,3.721375
T1067_Target,HMDB0000626,TYR,57,CA,6.1204497548065255,-6.8,54.19219999999999,36.622299999999996,2.5187333333333344,T1067_AlphaFold,HMDB0000626,TYR,57,CA,18.176027039574226,-6.9,-3.0399333333333334,11.112366666666667,3.725733333333333
T1067_Target,HMDB0000631,GLY,135,CA,5.391999558605325,-7.0,63.448771428571426,32.14631428571429,-8.781057142857142,T1067_AlphaFold,HMDB0000631,GLY,135,CA,25.787126666044283,-6.7,-12.98617142857143,-1.9454285714285706,6.443142857142858
T1067_Target,HMDB0000637,GLY,179,CA,5.808613863663421,-7.2,60.27288571428573,24.57305714285714,-9.181171428571428,T1067_AlphaFold,HMDB0000637,GLY,179,CA,12.78713077440098,-7.1,-13.656828571428571,-3.2366571428571427,5.379542857142857
T1067_Target,HMDB0000643,GLY,179,CA,4.601785868377623,-7.0,58.40108000000003,26.554859999999994,-8.28882,T1067_AlphaFold,HMDB0000643,GLY,179,CA,3.6680075704392965,-6.8,-7.103840000000003,10.160139999999998,2.3445400000000003
T1067_Target,HMDB0000651,GLU,163,CA,5.295046530125907,-4.9,62.34804545454546,22.612454545454543,-9.404954545454546,T1067_AlphaFold,HMDB0000651,GLU,163,CA,21.017161220355064,-4.3,-13.712318181818182,-2.907363636363636,2.7822727272727272
T1067_Target,HMDB0000653,THR,236,CA,6.789706448818884,-7.2,53.64993750000001,34.97346875,2.442,T1067_AlphaFold,HMDB0000653,THR,236,CA,19.662615511496167,-7.4,-5.8862812500000015,10.77678125,-0.74703125
T1067_Target,HMDB0000656,SER,206,CA,5.240339638237337,-5.6,63.253028571428594,21.814999999999998,-7.019742857142857,T1067_AlphaFold,HMDB0000656,SER,206,CA,4.4534262858236815,-5.4,-0.6947428571428572,12.0206,1.9509999999999998
T1067_Target,HMDB0000658,TYR,149,CA,7.201271670585705,-6.3,52.10737777777778,33.885866666666665,2.677044444444444,T1067_AlphaFold,HMDB0000658,TYR,149,CA,33.450488829290954,-4.5,5.1818888888888885,25.422822222222234,2.3193111111111113
T1067_Target,HMDB0000674,TYR,159,CA,5.713056957947472,-2.0,48.56393181818182,10.636499999999996,-4.343568181818182,T1067_AlphaFold,HMDB0000674,TYR,159,CA,17.712996393395386,-2.7,6.2224545454545455,21.905113636363634,-2.6358863636363643
T1067_Target,HMDB0000686,THR,236,CA,5.804981647305664,-7.3,53.81753333333333,35.66096666666667,3.4808,T1067_AlphaFold,HMDB0000686,THR,236,CA,20.070652267095518,-7.1,-3.060466666666667,11.414733333333329,3.286933333333333
T1067_Target,HMDB0000693,GLY,179,CA,4.485212141037849,-5.9,59.18280952380951,25.09847619047619,-8.192857142857141,T1067_AlphaFold,HMDB0000693,GLY,179,CA,5.674082885827286,-6.4,-3.5415476190476185,10.823523809523808,2.711404761904762
T1067_Target,HMDB0000698,THR,236,CA,6.037188352448381,-7.5,52.07375757575758,35.56854545454544,5.501757575757577,T1067_AlphaFold,HMDB0000698,THR,236,CA,5.297435768709201,-8.1,-12.971363636363638,-4.135030303030302,6.426787878787877
T1067_Target,HMDB0000708,ARG,178,CA,5.284416776268322,-7.3,60.82799999999999,26.080885714285717,-8.541628571428571,T1067_AlphaFold,HMDB0000708,ARG,178,CA,10.378342815651433,-8.1,-13.233885714285714,-2.995914285714286,4.985085714285715
T1067_Target,HMDB0000722,ARG,178,CA,5.9752643812057515,-7.6,61.8899142857143,25.60474285714286,-8.739457142857143,T1067_AlphaFold,HMDB0000722,ARG,178,CA,7.419913808014707,-7.3,-3.542714285714287,11.736085714285712,3.084828571428571
T1067_Target,HMDB0000733,GLY,179,CA,6.165011618174141,-7.2,61.77163333333333,23.823300000000003,-8.570166666666667,T1067_AlphaFold,HMDB0000733,GLY,179,CA,6.999018960540111,-7.1,-3.2766666666666664,11.58883333333333,4.272266666666668
T1067_Target,HMDB0000737,ARG,178,CA,5.298607295321796,-6.0,58.6553220338983,29.596254237288132,-9.213000000000001,T1067_AlphaFold,HMDB0000737,ARG,178,CA,6.5078892728521955,-6.2,-7.0766949152542376,11.802830508474576,2.9335254237288133
T1067_Target,HMDB0000739,SER,206,CA,5.42061423285139,-5.8,68.51716326530611,17.89187755102041,-7.6633877551020415,T1067_AlphaFold,HMDB0000739,SER,206,CA,4.904691541179639,-6.0,-1.3671836734693879,12.127918367346934,2.3353673469387743
T1067_Target,HMDB0000757,TYR,149,CA,6.285743170744479,-7.4,51.94142372881355,33.85127118644068,4.5691525423728825,T1067_AlphaFold,HMDB0000757,TYR,149,CA,17.73120914273234,-7.3,-3.1712203389830504,11.66333898305084,1.9696949152542371
T1067_Target,HMDB0000760,HIS,140,CA,6.026989104521065,-7.2,62.618874999999996,24.95809375,-9.471281250000002,T1067_AlphaFold,HMDB0000760,HIS,140,CA,7.198299645006234,-7.0,-3.8588437500000006,10.266437499999999,4.09103125
T1067_Target,HMDB0000761,TYR,57,CA,5.4096075405104,-6.9,54.96507142857143,36.745178571428575,2.0052499999999998,T1067_AlphaFold,HMDB0000761,TYR,57,CA,19.070711875344294,-7.3,-5.025678571428572,10.511392857142857,-0.4681785714285715
T1067_Target,HMDB0000774,GLU,163,CA,6.306201088292454,-7.4,62.984444444444456,23.789444444444445,-9.689259259259256,T1067_AlphaFold,HMDB0000774,GLU,163,CA,8.127397808810713,-7.6,-2.003037037037037,10.713407407407407,2.750777777777778
T1067_Target,HMDB0000797,GLY,179,CA,5.947860927515123,-6.6,62.023457142857126,23.54854285714286,-7.952371428571429,T1067_AlphaFold,HMDB0000797,GLY,179,CA,8.420227409648987,-6.5,-0.5452,12.059228571428573,0.48137142857142856
T1067_Target,HMDB0000801,TYR,149,CA,6.0780838856562625,-4.9,53.71627272727274,33.9895,3.3331818181818176,T1067_AlphaFold,HMDB0000801,TYR,149,CA,7.878032788306759,-4.4,-13.169954545454546,-2.2058181818181817,4.626181818181817
T1067_Target,HMDB0000814,SER,164,CA,4.658181099624594,-6.3,63.472130434782606,19.97717391304348,-6.655391304347827,T1067_AlphaFold,HMDB0000814,SER,164,CA,24.083943896870363,-6.3,-12.307695652173914,-4.684913043478261,1.8006956521739128
T1067_Target,HMDB0000825,GLY,179,CA,4.79178745030762,-5.9,59.06319999999999,24.212236363636364,-8.38838181818182,T1067_AlphaFold,HMDB0000825,GLY,179,CA,7.812406641822355,-6.6,-2.859399999999999,12.575836363636359,3.998363636363636
T1067_Target,HMDB0000848,GLU,54,CA,4.6111120253145055,-3.9,69.6015,38.654500000000006,2.7301,T1067_AlphaFold,HMDB0000848,GLU,54,CA,13.325794813151758,-3.5,-13.864966666666668,-3.3998333333333326,6.089200000000001
T1067_Target,HMDB0000851,SER,206,CA,4.4920933481089955,-6.6,64.83174999999999,20.595525000000002,-7.4079,T1067_AlphaFold,HMDB0000851,SER,206,CA,4.619466219367233,-6.3,0.3073750000000003,12.964075,1.6693250000000002
T1067_Target,HMDB0000874,THR,236,CA,6.12641794287745,-7.5,52.686081081081085,34.55035135135135,4.518756756756756,T1067_AlphaFold,HMDB0000874,THR,236,CA,19.763519945834016,-7.3,-2.438216216216217,10.933243243243243,3.825054054054053
T1067_Target,HMDB0000876,TYR,149,CA,7.023513712720338,-6.6,51.27324137931034,33.91982758620691,4.003482758620689,T1067_AlphaFold,HMDB0000876,TYR,149,CA,8.920525546655727,-6.4,-13.653068965517239,-1.8994482758620683,5.5891724137931025
T1067_Target,HMDB0000878,THR,236,CA,5.748087454778128,-7.6,53.97910000000001,35.63633333333333,3.4210000000000003,T1067_AlphaFold,HMDB0000878,THR,236,CA,20.034977589594547,-7.9,-2.2879,11.04826666666667,2.778033333333333
T1067_Target,HMDB0000879,TYR,149,CA,5.873553844169218,-7.3,52.32584615384615,33.19642307692307,4.0855,T1067_AlphaFold,HMDB0000879,TYR,149,CA,17.759434478192347,-7.2,-1.7031153846153846,11.294923076923077,1.403346153846154
T1067_Target,HMDB0000885,TYR,57,CA,6.681857909072679,-4.9,53.72848888888888,36.524155555555566,1.739177777777778,T1067_AlphaFold,HMDB0000885,TYR,57,CA,23.501772515921505,-4.8,-21.083466666666666,-16.034333333333333,-6.47828888888889
T1067_Target,HMDB0000896,ARG,178,CA,5.557015625740026,-7.8,61.75862162162162,25.60324324324324,-8.246054054054056,T1067_AlphaFold,HMDB0000896,ARG,178,CA,18.568565540629923,-6.7,2.470162162162162,21.05254054054054,1.7761621621621622
T1067_Target,HMDB0000900,ARG,178,CA,5.516035563598989,-7.1,62.17873333333331,29.09986666666667,-9.1155,T1067_AlphaFold,HMDB0000900,ARG,178,CA,11.560516537575452,-7.7,0.9340666666666668,12.611899999999997,0.6160333333333333
T1067_Target,HMDB0000902,ARG,178,CA,5.148955965187013,-7.2,61.303807692307686,30.265153846153847,-8.839596153846156,T1067_AlphaFold,HMDB0000902,ARG,178,CA,5.7691141206476555,-8.2,-3.9225384615384624,9.685153846153844,6.648519230769229
T1067_Target,HMDB0000903,TYR,149,CA,6.275456042473935,-7.1,51.48010344827586,33.275551724137934,4.568862068965517,T1067_AlphaFold,HMDB0000903,TYR,149,CA,17.346334276953165,-6.9,-3.4804482758620683,10.998000000000001,3.883482758620691
T1067_Target,HMDB0000907,SER,206,CA,6.263304575461322,-6.8,69.95232258064514,17.042354838709677,-7.293322580645161,T1067_AlphaFold,HMDB0000907,SER,206,CA,5.628724895943518,-7.4,-3.015,10.46825806451613,3.930870967741935
T1067_Target,HMDB0000908,TYR,149,CA,6.226432848672271,-7.2,51.87413793103448,33.62417241379312,4.489068965517241,T1067_AlphaFold,HMDB0000908,TYR,149,CA,17.625822616570847,-7.1,-1.549068965517241,11.068896551724139,1.681586206896552
T1067_Target,HMDB0000912,THR,150,CA,5.8395554623548875,-6.9,51.583290322580645,32.83783870967741,4.842870967741935,T1067_AlphaFold,HMDB0000912,THR,150,CA,7.257139036766446,-6.7,-12.83651612903226,-3.3666129032258074,2.7127419354838707
T1067_Target,HMDB0000917,THR,236,CA,6.027437134808007,-6.4,53.50599999999999,36.30543750000001,3.4603125,T1067_AlphaFold,HMDB0000917,THR,236,CA,19.504330178549257,-7.0,-3.68315625,11.029343750000002,3.4749062500000005
T1067_Target,HMDB0000918,TYR,111,CA,5.804952839904677,-4.5,71.62931914893616,10.956702127659575,13.107468085106381,T1067_AlphaFold,HMDB0000918,TYR,111,CA,33.067028253946646,-4.2,-16.040489361702118,-13.462617021276593,9.936234042553192
T1067_Target,HMDB0000921,GLY,179,CA,5.609801417280875,-6.8,61.27896428571429,24.819999999999997,-8.458392857142856,T1067_AlphaFold,HMDB0000921,GLY,179,CA,5.468089202526391,-6.8,-3.602785714285713,10.517321428571426,2.8488571428571428
T1067_Target,HMDB0000939,TYR,149,CA,5.645588626150587,-6.8,51.75527272727272,32.73021212121211,4.915575757575758,T1067_AlphaFold,HMDB0000939,TYR,149,CA,6.196725961643763,-6.6,-12.642060606060605,-3.8588484848484854,3.333636363636363
T1067_Target,HMDB0000944,TYR,149,CA,6.9730943609716025,-3.9,51.77354166666666,32.92358333333333,2.6024999999999996,T1067_AlphaFold,HMDB0000944,TYR,149,CA,15.740350450200872,-3.6,-5.469291666666667,10.105499999999997,1.821458333333333
T1067_Target,HMDB0000946,GLU,163,CA,6.259401627152548,-6.5,61.33326666666667,24.734566666666662,-9.584266666666666,T1067_AlphaFold,HMDB0000946,GLU,163,CA,5.9878273094485435,-7.4,-5.248833333333334,10.666899999999998,-0.2815000000000001
T1067_Target,HMDB0000949,TYR,149,CA,5.501902906772851,-7.0,52.81286666666667,33.11933333333334,4.132,T1067_AlphaFold,HMDB0000949,TYR,149,CA,6.398598749205433,-7.2,-13.095566666666667,-4.357766666666667,3.1963333333333326
T1067_Target,HMDB0000950,GLY,162,CA,7.2394623138865795,-2.6,54.83499999999998,25.13333333333333,-10.4955625,T1067_AlphaFold,HMDB0000950,GLY,162,CA,19.75105591916227,-3.1,-13.206041666666664,0.4325416666666669,7.6884583333333305
T1067_Target,HMDB0000951,ARG,178,CA,5.879024943441719,-7.5,61.674729729729734,26.023324324324324,-8.970162162162158,T1067_AlphaFold,HMDB0000951,ARG,178,CA,5.809761808896639,-6.9,-4.135081081081081,10.34172972972973,5.144702702702702
T1067_Target,HMDB0000961,GLU,163,CA,3.1407274997093477,-5.8,61.74895833333333,21.111375,-11.699041666666668,T1067_AlphaFold,HMDB0000961,GLU,163,CA,21.131927780874868,-4.5,-14.330000000000004,-2.6549166666666664,3.458250000000001
T1067_Target,HMDB0000975,GLY,179,CA,4.653209063647414,-6.4,61.16203225806453,24.40816129032258,-7.242580645161289,T1067_AlphaFold,HMDB0000975,GLY,179,CA,6.411795055887987,-6.3,-2.984032258064517,10.984580645161286,3.470129032258065
T1067_Target,HMDB0000998,GLY,179,CA,5.109552372003603,-6.1,61.25041935483871,23.969161290322585,-7.63741935483871,T1067_AlphaFold,HMDB0000998,GLY,179,CA,5.6859998579858955,-5.9,-3.1310967741935483,10.449032258064516,2.6927096774193555
T1067_Target,HMDB0001000,TYR,149,CA,6.26157826237114,-5.7,52.0005,33.48834615384615,4.061346153846154,T1067_AlphaFold,HMDB0001000,TYR,149,CA,6.890526458747417,-6.3,-12.719423076923077,-2.796961538461538,3.8770769230769226
T1067_Target,HMDB0001032,SER,164,CA,5.831173045760179,-7.4,63.25236000000001,22.820880000000002,-9.221839999999998,T1067_AlphaFold,HMDB0001032,SER,164,CA,9.204939813382811,-7.2,-3.059679999999999,10.068200000000001,4.19716
T1067_Target,HMDB0001043,TYR,149,CA,6.71961103554427,-4.3,53.61004545454546,34.05277272727274,2.4912272727272726,T1067_AlphaFold,HMDB0001043,TYR,149,CA,18.343198494602753,-4.7,-1.4851818181818184,11.899136363636366,0.16822727272727256
T1067_Target,HMDB0001045,HIS,140,CA,4.7600493912842055,-7.3,63.23272916666668,29.032624999999996,-8.924187499999999,T1067_AlphaFold,HMDB0001045,HIS,140,CA,8.758741662847068,-6.8,-3.4807291666666664,11.352125000000001,2.1358958333333335
T1067_Target,HMDB0001056,THR,150,CA,5.201878698952427,-7.8,49.990184210526316,30.836473684210528,4.5922368421052635,T1067_AlphaFold,HMDB0001056,THR,150,CA,18.824361658897185,-7.8,-3.1287368421052633,10.233078947368421,4.836
T1067_Target,HMDB0001058,SER,164,CA,4.484279768644933,-6.0,63.08426086956521,20.402913043478264,-7.0544782608695655,T1067_AlphaFold,HMDB0001058,SER,164,CA,8.085559806687698,-5.2,-1.9176956521739132,9.968608695652176,1.9154782608695655
T1067_Target,HMDB0001060,LYS,152,CA,6.266844815863541,-4.0,47.528272727272714,30.311072727272727,1.187709090909091,T1067_AlphaFold,HMDB0001060,LYS,152,CA,14.714392309796946,-5.4,-7.906109090909091,8.759309090909088,5.490709090909091
T1067_Target,HMDB0001062,SER,164,CA,4.696145366209085,-6.2,63.02269565217391,20.086999999999996,-6.404652173913044,T1067_AlphaFold,HMDB0001062,SER,164,CA,22.855556398592114,-6.4,-12.084217391304346,-3.50895652173913,1.2603913043478259
T1067_Target,HMDB0001067,SER,164,CA,4.646948477562354,-5.6,64.04804347826087,20.533652173913048,-7.901826086956521,T1067_AlphaFold,HMDB0001067,SER,164,CA,6.785567515859476,-5.4,-1.5146956521739126,10.824260869565217,0.37678260869565217
T1067_Target,HMDB0001081,ALA,136,CA,5.610986742228371,-5.4,63.04410344827586,35.58867241379311,-9.113999999999999,T1067_AlphaFold,HMDB0001081,ALA,136,CA,7.9311916796452895,-7.4,-3.86451724137931,10.858155172413793,2.954827586206897
T1067_Target,HMDB0001085,THR,236,CA,6.054890387165708,-5.1,53.708807692307694,35.125538461538454,3.3143461538461545,T1067_AlphaFold,HMDB0001085,THR,236,CA,6.845903486995304,-4.5,-13.49869230769231,-3.3240384615384615,2.436269230769231
T1067_Target,HMDB0001091,GLY,179,CA,5.040488856702374,-6.8,60.19196428571429,24.637214285714286,-8.382714285714284,T1067_AlphaFold,HMDB0001091,GLY,179,CA,7.514465880852065,-7.2,-1.2392857142857143,11.491,1.0765
T1067_Target,HMDB0001139,SER,164,CA,5.102781239687044,-5.8,63.129892857142856,21.685607142857144,-7.8199999999999985,T1067_AlphaFold,HMDB0001139,SER,164,CA,23.331360577240325,-5.7,-12.788071428571426,-3.2997499999999995,3.3976785714285715
T1067_Target,HMDB0001155,ARG,178,CA,4.1656058337464135,-7.9,62.18019298245613,29.42854385964913,-7.523543859649121,T1067_AlphaFold,HMDB0001155,ARG,178,CA,6.121881547233869,-6.9,-6.277649122807017,11.475982456140349,3.677894736842105
T1067_Target,HMDB0001160,LYS,134,CA,4.594712388126158,-3.7,60.47844,26.47676,-10.719720000000002,T1067_AlphaFold,HMDB0001160,LYS,134,CA,15.552732621478452,-2.9,-5.9439199999999985,10.91488,9.08988
T1067_Target,HMDB0001170,ARG,178,CA,5.79233543318335,-6.9,61.61413793103449,25.434413793103445,-8.49144827586207,T1067_AlphaFold,HMDB0001170,ARG,178,CA,7.601594806855338,-6.8,-5.5456206896551725,11.363655172413797,0.031000000000000024
T1067_Target,HMDB0001185,SER,164,CA,5.5497759676096265,-6.5,61.47435294117648,22.408058823529405,-7.415529411764706,T1067_AlphaFold,HMDB0001185,SER,164,CA,7.843005543918588,-6.9,-1.5784705882352943,10.563058823529412,2.3928235294117646
T1067_Target,HMDB0001191,GLY,179,CA,4.708087353338577,-6.1,61.061233333333334,24.958166666666667,-7.512333333333332,T1067_AlphaFold,HMDB0001191,GLY,179,CA,5.057814549673494,-6.9,-4.341600000000001,9.311566666666666,4.314266666666667
T1067_Target,HMDB0001198,GLY,179,CA,5.845127894234513,-5.7,58.06773469387757,25.044265306122448,-9.67214285714286,T1067_AlphaFold,HMDB0001198,GLY,179,CA,19.881419471621758,-3.9,2.838571428571428,23.811469387755107,-1.6840816326530612
T1067_Target,HMDB0001201,SER,164,CA,5.7659566970877005,-6.9,63.13278787878788,22.656696969696966,-8.446363636363635,T1067_AlphaFold,HMDB0001201,SER,164,CA,11.654990671265724,-7.4,-3.4632424242424245,8.887333333333334,6.519727272727272
T1067_Target,HMDB0001220,GLU,163,CA,5.6347400349974235,-5.7,61.91655555555556,23.067925925925923,-8.867148148148148,T1067_AlphaFold,HMDB0001220,GLU,163,CA,21.12331674815943,-5.5,-12.951000000000002,-3.181740740740741,3.326925925925926
T1067_Target,HMDB0001244,THR,150,CA,5.878996682074864,-5.8,51.41458333333333,33.237625,5.617083333333333,T1067_AlphaFold,HMDB0001244,THR,150,CA,7.395792263500994,-5.4,-12.812208333333336,-2.9057499999999994,2.7178750000000007
T1067_Target,HMDB0001248,SER,206,CA,4.81264854532651,-8.1,65.11328333333333,20.524583333333336,-8.051983333333336,T1067_AlphaFold,HMDB0001248,SER,206,CA,9.244008958884908,-7.7,-6.692650000000001,10.36221666666667,3.85925
T1067_Target,HMDB0001251,THR,236,CA,6.294192258387642,-7.5,53.246906249999995,35.60581249999999,3.34371875,T1067_AlphaFold,HMDB0001251,THR,236,CA,30.803077536707633,-6.9,3.531437499999999,20.193593750000005,1.36403125
T1067_Target,HMDB0001262,ARG,178,CA,4.75534835618191,-6.6,61.14906666666667,29.17015555555556,-8.6806,T1067_AlphaFold,HMDB0001262,ARG,178,CA,6.164799950815945,-6.8,-3.664688888888889,10.203088888888892,6.200799999999997
T1067_Target,HMDB0001273,GLY,179,CA,6.464923012596666,-7.0,62.58745945945945,23.86962162162162,-8.28235135135135,T1067_AlphaFold,HMDB0001273,GLY,179,CA,7.238872628983144,-7.7,-3.2650810810810804,9.670783783783785,6.328486486486485
T1067_Target,HMDB0001296,GLY,179,CA,4.73758523543064,-6.4,58.64530508474575,24.730440677966115,-8.501610169491528,T1067_AlphaFold,HMDB0001296,GLY,179,CA,7.716972399463173,-6.6,-4.778067796610167,12.503830508474572,5.541220338983052
T1067_Target,HMDB0001314,SER,164,CA,5.147002329988867,-7.2,62.70448148148149,22.084888888888887,-8.298333333333332,T1067_AlphaFold,HMDB0001314,SER,164,CA,8.660711061722942,-7.7,-2.712185185185185,9.752851851851855,2.8169629629629616
T1067_Target,HMDB0001341,THR,150,CA,5.289256550836035,-6.8,51.42322580645162,32.23561290322581,5.03441935483871,T1067_AlphaFold,HMDB0001341,THR,150,CA,7.550105551839167,-6.4,-13.048225806451613,-3.061258064516129,2.8361290322580652
T1067_Target,HMDB0001367,VAL,233,CA,5.160245263144323,-5.6,50.99152173913043,33.00660869565217,6.724478260869565,T1067_AlphaFold,HMDB0001367,VAL,233,CA,8.55462697925826,-5.8,-12.322130434782608,-3.186347826086957,1.909913043478261
T1067_Target,HMDB0001372,GLY,135,CA,5.059812774073115,-5.7,63.65385714285715,31.026249999999994,-8.997607142857143,T1067_AlphaFold,HMDB0001372,GLY,135,CA,8.795491900205562,-6.1,-2.602928571428572,11.861035714285714,2.2667857142857146
T1067_Target,HMDB0001383,THR,236,CA,5.191918888002376,-4.5,53.38720689655171,36.43658620689654,4.8787931034482765,T1067_AlphaFold,HMDB0001383,THR,236,CA,5.634688979786714,-4.1,-13.486241379310345,-4.091275862068966,5.1883793103448275
T1067_Target,HMDB0001396,HIS,140,CA,5.366319040403066,-7.2,62.94151282051282,26.433897435897432,-8.472641025641028,T1067_AlphaFold,HMDB0001396,HIS,140,CA,8.49803361765908,-7.5,0.7387179487179488,11.335128205128207,2.5642564102564096
T1067_Target,HMDB0001397,SER,164,CA,5.705722302362477,-7.0,63.54186206896551,22.467965517241385,-8.650379310344828,T1067_AlphaFold,HMDB0001397,SER,164,CA,23.00789755954643,-7.6,-12.182379310344825,-3.504965517241378,2.0629999999999997
T1067_Target,HMDB0001403,TYR,149,CA,5.936011538359663,-5.7,52.44948148148149,33.20992592592593,3.841074074074074,T1067_AlphaFold,HMDB0001403,TYR,149,CA,6.965430151651144,-5.2,-13.31325925925926,-2.5030370370370374,2.870592592592592
T1067_Target,HMDB0001419,GLY,179,CA,5.685807888913919,-6.9,61.41329032258064,25.126387096774195,-8.487225806451614,T1067_AlphaFold,HMDB0001419,GLY,179,CA,11.865087976755582,-6.9,-13.419741935483874,-2.49241935483871,4.740258064516128
T1067_Target,HMDB0001420,LYS,134,CA,4.368995019586929,-7.6,62.0770303030303,25.9710303030303,-11.996545454545451,T1067_AlphaFold,HMDB0001420,LYS,134,CA,27.436870269652765,-7.9,-12.552454545454546,-2.0338484848484844,5.642454545454546
T1067_Target,HMDB0001425,THR,75,CA,4.17722302717368,-6.9,56.38108333333334,36.858291666666666,21.567541666666667,T1067_AlphaFold,HMDB0001425,THR,75,CA,34.123057719349475,-7.3,0.9600833333333333,12.820333333333332,1.2519999999999998
T1067_Target,HMDB0001438,HIS,140,CA,5.280080539343427,-7.2,62.589499999999994,29.020781250000006,-9.27871875,T1067_AlphaFold,HMDB0001438,HIS,140,CA,14.228697492703507,-6.5,2.5596562499999993,19.487093749999996,-0.82715625
T1067_Target,HMDB0001442,THR,236,CA,5.683570939121589,-6.1,52.85029629629629,35.1692962962963,4.872333333333332,T1067_AlphaFold,HMDB0001442,THR,236,CA,5.594438133677953,-5.5,-12.619777777777777,-3.5313703703703707,3.956740740740741
T1067_Target,HMDB0001449,GLU,163,CA,5.92424399258509,-7.3,61.63287499999999,23.11041666666667,-8.241666666666669,T1067_AlphaFold,HMDB0001449,GLU,163,CA,7.950212158572841,-7.0,-1.448125,10.955125,1.8782916666666665
T1067_Target,HMDB0001452,SER,164,CA,4.861604225151597,-6.0,63.166961538461535,21.294500000000006,-7.660923076923077,T1067_AlphaFold,HMDB0001452,SER,164,CA,23.454917719958004,-5.9,-12.549500000000004,-3.603307692307692,3.1925384615384615
T1067_Target,HMDB0001455,THR,236,CA,5.931760025197228,-7.6,54.08774999999999,36.03904166666666,3.0898749999999997,T1067_AlphaFold,HMDB0001455,THR,236,CA,19.894372737486737,-7.3,-2.2981666666666665,10.90925,2.8361666666666667
T1067_Target,HMDB0001471,TYR,149,CA,5.836803842173721,-7.5,52.800708333333326,33.59683333333333,4.06025,T1067_AlphaFold,HMDB0001471,TYR,149,CA,8.366362263511277,-6.6,-13.444041666666669,-2.6315416666666667,5.355249999999998
T1067_Target,HMDB0001487,ARG,178,CA,4.649632753917439,-8.0,62.6155576923077,27.539538461538452,-7.646673076923076,T1067_AlphaFold,HMDB0001487,ARG,178,CA,5.342574652914777,-7.6,-5.800269230769232,10.630134615384616,4.657153846153846
T1067_Target,HMDB0001496,THR,150,CA,5.87659618221856,-7.5,49.353161290322575,31.928387096774184,5.286645161290323,T1067_AlphaFold,HMDB0001496,THR,150,CA,11.541393817912363,-6.9,-13.170096774193551,-3.508806451612903,7.379709677419354
T1067_Target,HMDB0001509,THR,150,CA,4.787866467564076,-6.1,50.95228571428571,31.33371428571428,5.007071428571428,T1067_AlphaFold,HMDB0001509,THR,150,CA,19.883543432827892,-5.3,-2.368535714285715,11.732428571428573,3.618785714285714
T1067_Target,HMDB0001517,SER,164,CA,5.085378156152343,-6.6,62.66571428571429,21.03042857142857,-6.550892857142858,T1067_AlphaFold,HMDB0001517,SER,164,CA,8.406665544618843,-6.8,-2.2781071428571438,10.269642857142857,3.1201071428571425
T1067_Target,HMDB0001520,GLU,163,CA,5.160638320289209,-7.0,61.33741176470588,23.556235294117656,-9.918029411764705,T1067_AlphaFold,HMDB0001520,GLU,163,CA,7.907880548261396,-7.6,-3.069470588235294,10.630941176470586,3.2712647058823534
T1067_Target,HMDB0001532,GLY,179,CA,5.423053859368913,-6.4,61.626757575757566,24.356969696969696,-7.866636363636363,T1067_AlphaFold,HMDB0001532,GLY,179,CA,4.378215386503416,-6.4,-5.606090909090909,10.902000000000001,0.9925151515151516
T1067_Target,HMDB0001533,SER,206,CA,4.780733083439916,-7.8,67.611,17.855157894736845,-6.505026315789472,T1067_AlphaFold,HMDB0001533,SER,206,CA,4.6486373533622505,-7.6,-0.2989736842105266,12.046289473684208,0.9959736842105263
T1067_Target,HMDB0001546,SER,164,CA,5.965379725144129,-6.3,62.873758620689685,22.869206896551727,-8.11351724137931,T1067_AlphaFold,HMDB0001546,SER,164,CA,22.534473789408025,-6.1,-12.980413793103448,-2.273206896551724,3.4513103448275864
T1067_Target,HMDB0001547,TYR,149,CA,6.091751998186362,-7.4,51.795888888888875,33.36522222222222,4.58011111111111,T1067_AlphaFold,HMDB0001547,TYR,149,CA,7.506937933849005,-6.9,-13.190999999999999,-3.4546296296296295,4.667925925925926
T1067_Target,HMDB0001562,ARG,178,CA,5.477465088489838,-6.9,62.45775,25.448050000000002,-7.584175000000002,T1067_AlphaFold,HMDB0001562,ARG,178,CA,12.237110115878053,-7.2,1.2694750000000001,13.210199999999997,0.41685
T1067_Target,HMDB0001830,GLY,179,CA,6.010595684459359,-7.3,61.65860869565216,23.423739130434786,-8.298,T1067_AlphaFold,HMDB0001830,GLY,179,CA,5.861811013600512,-6.9,-3.2459130434782604,10.838043478260872,2.6719565217391303
T1067_Target,HMDB0001846,SER,206,CA,6.220393272838189,-7.9,63.254076923076916,23.515974358974358,-8.423641025641025,T1067_AlphaFold,HMDB0001846,SER,206,CA,3.665978599686533,-7.5,0.06715384615384637,11.979307692307692,2.719358974358974
T1067_Target,HMDB0001852,TYR,57,CA,5.547978235543651,-5.9,54.8294090909091,36.49822727272727,3.040681818181818,T1067_AlphaFold,HMDB0001852,TYR,57,CA,17.593842313939515,-5.4,-2.8904545454545447,10.301045454545454,3.6095
T1067_Target,HMDB0001903,THR,236,CA,5.9533800289075245,-6.5,53.67996969696971,35.901333333333326,3.392333333333333,T1067_AlphaFold,HMDB0001903,THR,236,CA,19.4131706508969,-7.5,-2.7223939393939394,10.650333333333334,3.7110000000000003
T1067_Target,HMDB0001976,THR,236,CA,5.9579424238026295,-5.5,52.98966666666667,34.43391666666667,4.442375,T1067_AlphaFold,HMDB0001976,THR,236,CA,7.71017868834763,-3.9,-13.794291666666666,-2.061166666666667,2.8885416666666672
T1067_Target,HMDB0001993,TYR,149,CA,6.92993840031946,-6.7,51.69816666666667,34.46893333333334,4.347999999999999,T1067_AlphaFold,HMDB0001993,TYR,149,CA,16.220505834899228,-7.1,-3.197033333333333,9.844266666666666,3.363966666666666
T1067_Target,HMDB0001999,TYR,149,CA,6.109371480806829,-4.9,51.92022727272728,32.85513636363637,3.8200454545454545,T1067_AlphaFold,HMDB0001999,TYR,149,CA,6.659786874738722,-4.8,-13.026,-2.9799545454545453,3.115818181818182
T1067_Target,HMDB0002014,TYR,149,CA,6.420942916571516,-4.6,52.84249999999999,33.58423076923077,3.0235000000000003,T1067_AlphaFold,HMDB0002014,TYR,149,CA,17.809706898255655,-4.3,-3.7123461538461533,11.56426923076923,3.797384615384615
T1067_Target,HMDB0002027,TYR,149,CA,5.726664732804782,-7.7,52.027034482758616,33.21744827586206,4.86196551724138,T1067_AlphaFold,HMDB0002027,TYR,149,CA,18.81059507406472,-7.6,-1.9215517241379314,12.368103448275862,2.438965517241379
T1067_Target,HMDB0002088,THR,236,CA,5.527322428083961,-4.4,53.10992,35.286199999999994,4.73576,T1067_AlphaFold,HMDB0002088,THR,236,CA,6.511644985654546,-4.5,-13.03164,-3.3126399999999996,2.5481999999999996
T1067_Target,HMDB0002094,ARG,178,CA,5.035655216040955,-6.9,61.40169767441861,25.786511627906975,-7.8439069767441865,T1067_AlphaFold,HMDB0002094,ARG,178,CA,6.679541155994484,-7.7,-2.671302325581395,10.084046511627909,3.037232558139534
T1067_Target,HMDB0002098,GLY,179,CA,6.308227486815865,-6.4,62.48437209302327,23.62593023255814,-8.062302325581395,T1067_AlphaFold,HMDB0002098,GLY,179,CA,6.265478700649809,-6.3,-3.684860465116279,10.962116279069772,4.096674418604651
T1067_Target,HMDB0002103,SER,164,CA,5.297464015530224,-7.2,63.093967741935465,21.414870967741937,-6.909451612903225,T1067_AlphaFold,HMDB0002103,SER,164,CA,7.741003888842578,-7.2,-2.435741935483871,11.326548387096777,3.4110322580645156
T1067_Target,HMDB0002158,ARG,178,CA,5.325499718127969,-6.0,59.036653846153825,30.48394230769231,-9.100903846153843,T1067_AlphaFold,HMDB0002158,ARG,178,CA,6.842256989207646,-7.4,-6.024749999999999,11.806749999999996,2.2093461538461536
T1067_Target,HMDB0002163,LYS,134,CA,5.252769217705582,-6.7,60.90108333333333,29.855333333333338,-9.250055555555555,T1067_AlphaFold,HMDB0002163,LYS,134,CA,12.142804681854463,-7.2,-3.6539444444444453,11.282694444444447,3.1329722222222234
T1067_Target,HMDB0002177,SER,164,CA,3.313859647359351,-5.5,62.631863636363626,20.37681818181818,-9.897272727272728,T1067_AlphaFold,HMDB0002177,SER,164,CA,23.9917837247988,-4.8,-13.610090909090907,-3.824272727272728,2.5791818181818176
T1067_Target,HMDB0002181,SER,206,CA,4.420132500135036,-6.6,66.64882499999999,18.900475000000004,-7.174249999999999,T1067_AlphaFold,HMDB0002181,SER,206,CA,6.555110626879228,-5.6,1.1458,15.485424999999998,1.6455999999999995
T1067_Target,HMDB0002183,THR,236,CA,6.004185730654437,-5.4,53.45787500000001,34.39779166666667,3.8307499999999988,T1067_AlphaFold,HMDB0002183,THR,236,CA,6.076328718575104,-5.0,-12.904541666666669,-3.107416666666667,3.9912500000000004
T1067_Target,HMDB0002190,THR,236,CA,6.074815173427448,-5.2,52.59882608695652,34.507347826086956,4.7713913043478255,T1067_AlphaFold,HMDB0002190,THR,236,CA,6.900087241030904,-4.5,-13.650695652173916,-3.239739130434782,2.668652173913043
T1067_Target,HMDB0002195,THR,236,CA,5.475609457949512,-7.3,54.74808823529412,36.48832352941176,3.2199999999999993,T1067_AlphaFold,HMDB0002195,THR,236,CA,5.288552605231841,-7.9,-13.044470588235294,-4.13964705882353,6.013558823529412
T1067_Target,HMDB0002200,THR,236,CA,6.3232293205811585,-4.6,52.10308823529413,34.68826470588236,5.04885294117647,T1067_AlphaFold,HMDB0002200,THR,236,CA,20.258129068189533,-4.6,-4.035705882352941,11.493117647058824,0.9720882352941179
T1067_Target,HMDB0002226,THR,236,CA,5.676281175897401,-4.1,54.64125000000001,35.96641666666666,3.0237083333333334,T1067_AlphaFold,HMDB0002226,THR,236,CA,7.759677716160674,-3.9,-13.676333333333332,-1.75025,3.2410416666666673
T1067_Target,HMDB0002231,TYR,57,CA,5.925321244560476,-3.7,54.30236363636364,36.90490909090909,3.019272727272728,T1067_AlphaFold,HMDB0002231,TYR,57,CA,9.653913025853496,-4.2,-13.562090909090909,-2.260818181818182,1.865181818181818
T1067_Target,HMDB0002232,TYR,149,CA,5.937581295672696,-5.5,52.00021739130433,32.90769565217391,4.0867391304347835,T1067_AlphaFold,HMDB0002232,TYR,149,CA,7.032937583734892,-4.4,-13.509347826086957,-2.552391304347826,2.6900000000000004
T1067_Target,HMDB0002250,GLU,163,CA,4.267842092525926,-5.0,61.90899999999999,22.4115,-10.835208333333334,T1067_AlphaFold,HMDB0002250,GLU,163,CA,7.50897845683937,-4.8,-0.7604166666666669,11.84425,0.60125
T1067_Target,HMDB0002265,THR,150,CA,5.206211467817369,-5.6,50.92280769230771,32.08353846153846,5.284461538461538,T1067_AlphaFold,HMDB0002265,THR,150,CA,8.085324467001087,-4.9,-13.13096153846154,-1.6365000000000003,2.7511538461538474
T1067_Target,HMDB0002277,THR,150,CA,5.232205948526066,-5.9,51.402037037037026,32.51811111111111,5.6643333333333326,T1067_AlphaFold,HMDB0002277,THR,150,CA,7.426733338298161,-5.7,-12.686518518518524,-3.4489259259259253,3.01637037037037
T1067_Target,HMDB0002283,THR,236,CA,6.63602533250218,-4.3,53.77378260869564,34.902521739130435,2.5582608695652174,T1067_AlphaFold,HMDB0002283,THR,236,CA,6.937033718998744,-4.5,-13.131652173913047,-2.3804347826086962,3.3351739130434783
T1067_Target,HMDB0002311,THR,150,CA,5.709348098389156,-5.6,51.5368076923077,32.6365,4.796807692307691,T1067_AlphaFold,HMDB0002311,THR,150,CA,8.406782871586492,-4.5,-13.466384615384614,-2.015576923076923,3.1840000000000006
T1067_Target,HMDB0002314,TYR,149,CA,5.834905804850603,-5.3,53.27861538461539,33.57061538461539,3.596615384615384,T1067_AlphaFold,HMDB0002314,TYR,149,CA,6.671914991835856,-5.4,-13.198923076923078,-3.281884615384615,3.057153846153847
T1067_Target,HMDB0002343,THR,150,CA,5.916935484156356,-5.2,51.7204230769231,31.739653846153846,3.4063846153846153,T1067_AlphaFold,HMDB0002343,THR,150,CA,6.5747695175253,-4.9,-13.266384615384613,-4.229538461538462,1.8650384615384614
T1067_Target,HMDB0002356,ALA,198,CA,6.468820564931098,-2.1,74.55610714285713,9.985928571428571,10.662357142857141,T1067_AlphaFold,HMDB0002356,ALA,198,CA,23.913863058461015,-3.0,-1.8952857142857142,2.859142857142857,-20.68175
T1067_Target,HMDB0002364,SER,190,CA,6.358696946691324,-7.6,71.33594117647058,16.35114705882353,-7.287264705882354,T1067_AlphaFold,HMDB0002364,SER,190,CA,32.62013967511291,-7.9,-13.342029411764708,-3.1134999999999997,5.481764705882354
T1067_Target,HMDB0002368,THR,236,CA,5.912669451141461,-3.6,53.84138461538463,36.51434615384616,3.3370384615384614,T1067_AlphaFold,HMDB0002368,THR,236,CA,8.465279113206904,-3.5,-13.563384615384619,-0.7622692307692307,3.2581153846153845
T1067_Target,HMDB0002369,THR,150,CA,6.108217507404975,-6.5,51.46145454545455,32.803000000000004,4.3480454545454545,T1067_AlphaFold,HMDB0002369,THR,150,CA,8.812553610410756,-5.9,-13.169681818181818,-3.8127272727272725,4.455772727272727
T1067_Target,HMDB0002374,ASP,235,CA,5.648761728332638,-7.5,52.43316129032258,36.49135483870968,5.410516129032257,T1067_AlphaFold,HMDB0002374,ASP,235,CA,23.31039298349011,-8.0,-2.254290322580645,10.790129032258065,2.524516129032258
T1067_Target,HMDB0002409,TYR,149,CA,6.960664638213702,-7.2,51.743210526315785,34.011552631578944,3.602473684210527,T1067_AlphaFold,HMDB0002409,TYR,149,CA,16.36487464860464,-7.0,-6.001184210526315,10.887078947368419,0.8615263157894737
T1067_Target,HMDB0002504,THR,236,CA,6.831065466043137,-7.2,52.56959375,34.48603125,3.50721875,T1067_AlphaFold,HMDB0002504,THR,236,CA,19.753698697990117,-7.1,-2.807687500000001,10.998156249999997,3.3010624999999996
T1067_Target,HMDB0002580,HIS,140,CA,6.094551844865264,-7.8,62.71031578947369,25.000500000000002,-8.687394736842105,T1067_AlphaFold,HMDB0002580,HIS,140,CA,6.3607653037979635,-7.3,-4.0085263157894735,10.136026315789474,5.129157894736842
T1067_Target,HMDB0002586,GLY,179,CA,5.772049988583518,-7.7,61.54487878787878,23.65836363636363,-8.16721212121212,T1067_AlphaFold,HMDB0002586,GLY,179,CA,7.412279242783745,-6.9,-4.4054242424242425,9.887242424242423,7.077303030303032
T1067_Target,HMDB0002639,GLY,179,CA,6.097864527165778,-7.3,62.56186111111112,24.91455555555556,-8.02036111111111,T1067_AlphaFold,HMDB0002639,GLY,179,CA,6.535629570612096,-7.8,-3.1474722222222224,10.321138888888889,4.730444444444443
T1067_Target,HMDB0002642,THR,236,CA,6.424561886353707,-6.8,52.93151515151514,35.3720303030303,3.5052727272727267,T1067_AlphaFold,HMDB0002642,THR,236,CA,19.60523599596037,-7.7,-2.583212121212121,10.805878787878786,3.7113939393939384
T1067_Target,HMDB0002656,TYR,149,CA,5.884773967587875,-5.6,52.376400000000004,33.307399999999994,4.12236,T1067_AlphaFold,HMDB0002656,TYR,149,CA,6.571263836310331,-5.5,-12.787079999999998,-3.0934,3.3962
T1067_Target,HMDB0002664,SER,164,CA,5.48998578708422,-5.9,63.37348148148148,22.305481481481475,-8.662814814814814,T1067_AlphaFold,HMDB0002664,SER,164,CA,22.179218793272124,-5.8,-13.054037037037038,-1.955407407407408,2.9209629629629625
T1067_Target,HMDB0002666,SER,164,CA,4.681731404003875,-6.0,62.55775,21.174833333333332,-7.385124999999999,T1067_AlphaFold,HMDB0002666,SER,164,CA,8.047810536986821,-5.5,-2.8913333333333333,10.35575,2.627125
T1067_Target,HMDB0002685,TYR,149,CA,6.046118219821808,-5.3,53.41007142857143,33.90239285714286,3.498892857142857,T1067_AlphaFold,HMDB0002685,TYR,149,CA,6.376124293516992,-5.6,-12.736714285714287,-3.5606071428571426,3.3803571428571426
T1067_Target,HMDB0002689,SER,164,CA,4.708867700911903,-5.7,62.97570370370371,21.33648148148148,-7.928962962962964,T1067_AlphaFold,HMDB0002689,SER,164,CA,22.431333189623906,-5.3,-12.855999999999998,-2.2974444444444444,3.1418518518518517
T1067_Target,HMDB0002710,THR,150,CA,5.689430889078458,-5.8,51.41335999999999,33.094120000000004,5.78424,T1067_AlphaFold,HMDB0002710,THR,150,CA,8.028580220487308,-5.0,-13.483120000000001,-1.6116799999999996,2.4358
T1067_Target,HMDB0002719,THR,236,CA,5.939080884003021,-7.7,53.593724137931034,37.38620689655173,3.716724137931034,T1067_AlphaFold,HMDB0002719,THR,236,CA,20.41802423153669,-7.7,-1.8839999999999997,11.240103448275862,2.3225172413793103
T1067_Target,HMDB0002752,GLU,163,CA,4.386913774944752,-5.6,61.93204,22.611639999999998,-10.950759999999997,T1067_AlphaFold,HMDB0002752,GLU,163,CA,21.64247213176905,-5.3,-12.84108,-3.8118800000000017,3.1274399999999996
T1067_Target,HMDB0002759,SER,164,CA,4.890055111182287,-7.6,63.18008,21.269080000000002,-7.563759999999998,T1067_AlphaFold,HMDB0002759,SER,164,CA,23.726051787248547,-6.6,-13.32432,-2.9067200000000004,5.348520000000001
T1067_Target,HMDB0002776,TYR,149,CA,5.743032196167196,-5.5,52.557307692307695,33.67976923076923,4.659346153846155,T1067_AlphaFold,HMDB0002776,TYR,149,CA,18.433131804198293,-5.5,-0.8011923076923076,11.734730769230767,0.20796153846153867
T1067_Target,HMDB0002802,THR,236,CA,6.165730786379028,-7.4,52.615642857142845,34.424107142857146,4.60925,T1067_AlphaFold,HMDB0002802,THR,236,CA,20.366485590014424,-7.7,-2.3562857142857143,11.32075,2.1010357142857146
T1067_Target,HMDB0002815,TYR,57,CA,5.280739735668121,-3.9,58.253416666666666,36.378305555555556,-1.6293333333333335,T1067_AlphaFold,HMDB0002815,TYR,57,CA,18.520480394212438,-3.5,-7.840194444444445,11.129194444444444,0.5191111111111111
T1067_Target,HMDB0002823,THR,236,CA,5.673909182670657,-3.8,53.456875000000004,35.89974999999999,3.999708333333333,T1067_AlphaFold,HMDB0002823,THR,236,CA,7.593286731296305,-3.8,-13.872583333333331,-2.1448750000000008,3.2246666666666663
T1067_Target,HMDB0002829,GLU,54,CA,4.329161676734018,-7.5,70.22213888888889,39.45536111111111,1.0465833333333334,T1067_AlphaFold,HMDB0002829,GLU,54,CA,12.446055039284337,-7.8,-4.271333333333333,10.685638888888889,7.203277777777777
T1067_Target,HMDB0002833,GLY,179,CA,5.782711475977333,-7.0,61.180479999999996,23.50068,-8.379959999999999,T1067_AlphaFold,HMDB0002833,GLY,179,CA,9.546288657776907,-6.7,-0.44396,13.465440000000001,2.4116799999999996
T1067_Target,HMDB0002884,SER,164,CA,4.9403571599688565,-4.5,63.84575,20.786166666666666,-7.370666666666668,T1067_AlphaFold,HMDB0002884,SER,164,CA,22.26866839001792,-3.4,-14.289666666666667,-1.5067916666666665,2.217791666666667
T1067_Target,HMDB0002886,THR,150,CA,5.109120187155653,-6.0,51.4446551724138,32.146793103448275,5.231448275862068,T1067_AlphaFold,HMDB0002886,THR,150,CA,7.271757888539487,-5.4,-13.116482758620688,-2.5919310344827586,2.24
T1067_Target,HMDB0002902,TYR,149,CA,6.4452636619631285,-6.4,52.318566666666655,33.769000000000005,3.6444666666666663,T1067_AlphaFold,HMDB0002902,TYR,149,CA,6.970439037583408,-5.3,-13.54056666666667,-2.6652333333333327,2.5749666666666666
T1067_Target,HMDB0002904,SER,164,CA,5.1534926812974655,-6.3,63.06137037037036,21.62766666666667,-7.518777777777778,T1067_AlphaFold,HMDB0002904,SER,164,CA,22.628520478910502,-5.6,-12.969592592592594,-2.548814814814815,2.7884444444444445
T1067_Target,HMDB0002923,TYR,149,CA,5.159046192972875,-6.7,52.97512903225806,32.770709677419354,4.216935483870968,T1067_AlphaFold,HMDB0002923,TYR,149,CA,5.361902669311678,-6.6,-12.541258064516128,-4.083387096774193,1.801774193548387
T1067_Target,HMDB0002925,GLU,163,CA,5.095068948795024,-4.4,62.61877272727273,22.78768181818182,-10.531590909090909,T1067_AlphaFold,HMDB0002925,GLU,163,CA,21.04756842063918,-4.7,-12.966545454545457,-2.822545454545454,4.463909090909091
T1067_Target,HMDB0002972,TYR,149,CA,6.866683627220067,-5.9,51.72438235294118,33.4255294117647,3.2071470588235305,T1067_AlphaFold,HMDB0002972,TYR,149,CA,8.74629950603728,-4.5,-14.102117647058822,-1.5236470588235291,4.468382352941177
T1067_Target,HMDB0002984,TYR,149,CA,6.1817477816081015,-7.1,52.98695833333333,34.101791666666664,3.8455833333333334,T1067_AlphaFold,HMDB0002984,TYR,149,CA,5.857812510039716,-7.5,-13.049750000000001,-3.8196666666666665,1.6942500000000003
T1067_Target,HMDB0003034,TYR,149,CA,6.00284521417093,-5.8,52.94411111111112,34.051148148148144,4.165962962962964,T1067_AlphaFold,HMDB0003034,TYR,149,CA,7.262164185210167,-5.1,-13.38811111111111,-2.2249629629629624,3.1485185185185194
T1067_Target,HMDB0003069,SER,164,CA,6.000498826631227,-7.1,62.54850000000001,23.098624999999995,-8.501333333333333,T1067_AlphaFold,HMDB0003069,SER,164,CA,23.692672721377207,-7.0,-13.115916666666669,-3.1914166666666666,4.692708333333333
T1067_Target,HMDB0003080,HIS,140,CA,5.547037286171304,-5.9,63.667128205128215,24.30879487179488,-9.888923076923078,T1067_AlphaFold,HMDB0003080,HIS,140,CA,21.593519638205095,-4.6,-13.94346153846154,-3.6742051282051285,2.7504615384615376
T1067_Target,HMDB0003128,THR,236,CA,6.566487058203613,-7.1,53.63863333333333,35.15133333333334,2.7012000000000005,T1067_AlphaFold,HMDB0003128,THR,236,CA,5.752226178619893,-7.6,-13.262266666666669,-4.347066666666667,3.2026333333333334
T1067_Target,HMDB0003141,GLU,163,CA,3.6688766620432585,-7.5,62.47440540540541,20.925135135135136,-12.011459459459463,T1067_AlphaFold,HMDB0003141,GLU,163,CA,23.47637036455574,-7.0,-13.160108108108108,-5.120513513513514,5.464594594594596
T1067_Target,HMDB0003175,SER,164,CA,5.078155651951188,-6.0,63.05996153846154,21.46026923076923,-7.385538461538461,T1067_AlphaFold,HMDB0003175,SER,164,CA,6.373162032531372,-5.9,-1.5781923076923077,12.167961538461538,2.102846153846154
T1067_Target,HMDB0003180,THR,236,CA,6.376040024935832,-7.2,53.72161290322581,35.24312903225807,2.8653225806451608,T1067_AlphaFold,HMDB0003180,THR,236,CA,6.01950851038153,-7.3,-13.244387096774194,-3.641290322580646,3.6473870967741933
T1067_Target,HMDB0003193,TYR,149,CA,6.477337426963864,-8.5,51.935027777777776,33.94399999999999,4.2684444444444445,T1067_AlphaFold,HMDB0003193,TYR,149,CA,17.24279616842983,-8.5,-3.2931944444444445,10.91286111111111,3.5646944444444446
T1067_Target,HMDB0003252,THR,150,CA,5.312193552020307,-6.1,51.56503448275861,32.24824137931035,4.940413793103448,T1067_AlphaFold,HMDB0003252,THR,150,CA,19.134830956930273,-5.5,-2.087344827586207,11.657999999999998,0.8978965517241378
T1067_Target,HMDB0003337,TYR,57,CA,5.709706250167343,-4.4,54.78934,36.55074,1.6222,T1067_AlphaFold,HMDB0003337,TYR,57,CA,17.711724646335263,-4.9,-8.117960000000002,10.75904,1.4103800000000002
T1067_Target,HMDB0003474,SER,164,CA,4.4733532779541045,-5.2,64.34516666666667,18.456,-6.805722222222222,T1067_AlphaFold,HMDB0003474,SER,164,CA,6.5618765782659345,-5.3,0.7659999999999999,11.77438888888889,-0.5417222222222222
T1067_Target,HMDB0003502,THR,236,CA,6.847488785041235,-4.6,53.13219444444444,35.4575,2.7103888888888887,T1067_AlphaFold,HMDB0003502,THR,236,CA,29.165711820574028,-4.4,4.673333333333336,17.89722222222222,2.1664166666666667
T1067_Target,HMDB0003514,SER,164,CA,4.663842882931736,-5.7,63.4354347826087,20.307608695652178,-6.921086956521738,T1067_AlphaFold,HMDB0003514,SER,164,CA,22.413254136613865,-6.0,-12.146608695652176,-2.6509565217391304,3.043478260869566
T1067_Target,HMDB0003540,GLY,179,CA,5.853864439894245,-5.8,61.51303703703704,23.39270370370371,-8.186296296296295,T1067_AlphaFold,HMDB0003540,GLY,179,CA,6.327731592196421,-6.4,-2.9724074074074065,10.332296296296294,4.140185185185184
T1067_Target,HMDB0003550,THR,150,CA,6.436913536403141,-7.0,51.279032258064525,32.77277419354838,3.8338709677419343,T1067_AlphaFold,HMDB0003550,THR,150,CA,18.994960349045495,-7.2,-2.734516129032258,10.785935483870967,3.772064516129032
T1067_Target,HMDB0003572,THR,150,CA,5.532708825902758,-7.4,51.25379999999999,32.312466666666666,4.787166666666665,T1067_AlphaFold,HMDB0003572,THR,150,CA,8.042052516960801,-6.4,-12.6978,-2.355166666666667,3.3121333333333336
T1067_Target,HMDB0003598,VAL,233,CA,5.722530436357794,-5.9,50.66836363636364,34.12445454545455,5.4697272727272725,T1067_AlphaFold,HMDB0003598,VAL,233,CA,10.303269085345741,-6.0,-12.990909090909094,-2.191909090909091,4.736681818181817
T1067_Target,HMDB0003648,ALA,222,CA,6.809363675369004,-3.3,50.122605263157894,13.848263157894738,20.33686842105263,T1067_AlphaFold,HMDB0003648,ALA,222,CA,30.6682358753995,-4.7,1.760052631578947,21.027631578947364,-1.7177894736842105
T1067_Target,HMDB0003733,THR,150,CA,6.54185286792325,-5.3,51.19723333333334,33.27830000000001,4.367633333333334,T1067_AlphaFold,HMDB0003733,THR,150,CA,7.53960258413311,-5.3,-13.368766666666666,-3.8517333333333332,2.8856333333333337
T1067_Target,HMDB0003759,TYR,149,CA,5.8962402994778955,-7.7,51.84343478260869,33.170391304347824,4.705608695652175,T1067_AlphaFold,HMDB0003759,TYR,149,CA,17.58927184657249,-7.5,-2.093391304347826,11.135478260869565,2.3764347826086953
T1067_Target,HMDB0003871,THR,236,CA,4.909576517028689,-4.8,53.310391304347824,36.37973913043477,5.53091304347826,T1067_AlphaFold,HMDB0003871,THR,236,CA,6.229868843194265,-4.7,-12.964130434782609,-3.3776086956521736,3.018260869565218
T1067_Target,HMDB0003876,TYR,149,CA,5.464886690969809,-5.6,52.61483333333333,33.028375000000004,4.332208333333333,T1067_AlphaFold,HMDB0003876,TYR,149,CA,7.182266777573504,-4.6,-13.689499999999997,-2.5883749999999996,2.7244166666666665
T1067_Target,HMDB0003933,THR,236,CA,5.4739936084258,-6.3,53.623029411764705,34.62323529411765,4.372705882352941,T1067_AlphaFold,HMDB0003933,THR,236,CA,19.388967011173662,-5.7,-3.2487352941176466,10.761029411764705,3.3392058823529407
T1067_Target,HMDB0003955,GLU,163,CA,5.453767719683758,-7.0,62.43895652173912,22.78547826086956,-9.404608695652174,T1067_AlphaFold,HMDB0003955,GLU,163,CA,7.198189656622227,-7.1,-2.2860869565217388,12.036347826086956,2.9961739130434784
T1067_Target,HMDB0003993,THR,236,CA,6.894991836108294,-7.4,51.8959,34.7085,4.2284,T1067_AlphaFold,HMDB0003993,THR,236,CA,7.998305104012661,-4.3,-15.820825,-3.3207750000000003,4.899075
T1067_Target,HMDB0004025,THR,236,CA,6.261962507201719,-7.1,53.714879999999994,35.88964000000001,2.9607599999999996,T1067_AlphaFold,HMDB0004025,THR,236,CA,6.510975198232598,-6.5,-13.36956,-2.7435999999999994,4.79228
T1067_Target,HMDB0004026,THR,236,CA,5.827820576983711,-7.3,53.79657692307693,36.22011538461539,3.462153846153847,T1067_AlphaFold,HMDB0004026,THR,236,CA,19.67747305818563,-6.8,-6.120884615384616,10.861730769230768,-0.6578461538461539
T1067_Target,HMDB0004029,TYR,149,CA,6.1977124919712105,-7.0,51.55215384615386,33.02426923076923,4.328192307692308,T1067_AlphaFold,HMDB0004029,TYR,149,CA,17.611105086936938,-7.7,-1.8537307692307694,11.076653846153846,2.3708076923076913
T1067_Target,HMDB0004030,MET,51,CA,5.8307883484191345,-7.0,64.58925925925926,34.84588888888889,-8.352407407407409,T1067_AlphaFold,HMDB0004030,MET,51,CA,14.529970164153587,-7.6,-2.0542962962962963,10.759740740740742,2.2019629629629627
T1067_Target,HMDB0004031,TYR,149,CA,6.074996311175847,-7.8,51.69215999999999,33.391040000000004,4.841559999999999,T1067_AlphaFold,HMDB0004031,TYR,149,CA,19.339258979433517,-7.4,-0.5806399999999999,12.580279999999998,1.2028400000000001
T1067_Target,HMDB0004068,GLY,254,CA,5.4077841875879855,-7.0,47.967,30.23442307692308,4.417576923076923,T1067_AlphaFold,HMDB0004068,GLY,254,CA,25.27228559491263,-8.5,-0.4912692307692309,12.840538461538465,0.6045384615384615
T1067_Target,HMDB0004080,THR,236,CA,5.549427856790537,-4.7,54.58385185185187,36.47311111111111,3.235148148148147,T1067_AlphaFold,HMDB0004080,THR,236,CA,9.838800133234153,-4.8,-14.005888888888888,-1.528222222222222,-0.5226666666666666
T1067_Target,HMDB0004158,GLY,135,CA,5.379654102627824,-6.2,62.379680851063824,33.06829787234043,-9.244340425531913,T1067_AlphaFold,HMDB0004158,GLY,135,CA,10.529038217578755,-7.0,-5.6772127659574485,11.064914893617024,2.020106382978723
T1067_Target,HMDB0004160,LYS,134,CA,5.568671230096421,-7.9,62.243304347826076,26.430695652173906,-9.960413043478258,T1067_AlphaFold,HMDB0004160,LYS,134,CA,12.775136984568114,-7.1,-4.979695652173915,10.597847826086959,2.3505000000000003
T1067_Target,HMDB0004236,THR,236,CA,4.981607601889169,-5.1,54.068560000000005,35.67016,4.3754,T1067_AlphaFold,HMDB0004236,THR,236,CA,6.508615971464285,-5.3,-13.160279999999998,-2.8236000000000003,3.7421599999999997
T1067_Target,HMDB0004238,TYR,149,CA,6.233806309470964,-5.8,52.60812000000001,34.285360000000004,4.4082,T1067_AlphaFold,HMDB0004238,TYR,149,CA,7.192742946498225,-5.3,-13.627919999999996,-2.00168,2.18284
T1067_Target,HMDB0004240,THR,236,CA,5.632880137369806,-5.8,53.41137037037037,34.7812962962963,4.310518518518519,T1067_AlphaFold,HMDB0004240,THR,236,CA,21.4955925132705,-5.5,-1.180925925925926,11.877222222222223,0.9898148148148145
T1067_Target,HMDB0004242,TYR,149,CA,6.329164804897336,-5.7,53.32035714285714,34.20800000000001,3.4330000000000007,T1067_AlphaFold,HMDB0004242,TYR,149,CA,6.44378339487378,-5.9,-12.881250000000003,-3.7972142857142863,3.4067857142857143
T1067_Target,HMDB0004243,TYR,149,CA,6.077939320921195,-5.2,52.39720000000001,32.983120000000014,3.45012,T1067_AlphaFold,HMDB0004243,TYR,149,CA,6.679665127654233,-4.4,-13.440320000000003,-3.3958399999999993,2.6883600000000003
T1067_Target,HMDB0004244,SER,164,CA,4.561507803698234,-5.0,63.27887999999999,20.998079999999995,-7.927680000000001,T1067_AlphaFold,HMDB0004244,SER,164,CA,22.809554853280236,-4.2,-13.469160000000004,-2.46116,2.9284399999999993
T1067_Target,HMDB0004264,THR,236,CA,6.065272229298615,-4.9,53.32660869565217,34.36395652173913,3.890869565217391,T1067_AlphaFold,HMDB0004264,THR,236,CA,7.278612032071882,-4.3,-13.520347826086958,-2.525652173913043,2.7060434782608698
T1067_Target,HMDB0004385,SER,206,CA,4.519534190994852,-5.8,65.87867857142855,18.75864285714286,-6.717464285714286,T1067_AlphaFold,HMDB0004385,SER,206,CA,20.146091912659294,-4.5,-13.474142857142855,-2.9182142857142854,3.455035714285714
T1067_Target,HMDB0004483,GLY,135,CA,5.823729452465165,-7.9,63.1084857142857,33.30031428571428,-8.713171428571428,T1067_AlphaFold,HMDB0004483,GLY,135,CA,10.0964872565074,-8.0,-3.1989428571428573,10.792285714285715,3.876514285714287
T1067_Target,HMDB0004484,LYS,134,CA,5.950464584842346,-7.5,61.80072222222221,25.910972222222213,-9.666555555555554,T1067_AlphaFold,HMDB0004484,LYS,134,CA,13.286765812643457,-7.8,-3.7039999999999997,11.08508333333333,5.712444444444444
T1067_Target,HMDB0004645,SER,206,CA,4.769862638755185,-5.7,64.69522222222223,20.017888888888887,-7.349555555555555,T1067_AlphaFold,HMDB0004645,SER,206,CA,5.33318719771499,-5.1,-1.5795925925925927,11.135333333333335,0.6169629629629632
T1067_Target,HMDB0004666,TYR,149,CA,6.547682439472815,-4.0,51.546551724137935,33.50020689655172,4.118655172413793,T1067_AlphaFold,HMDB0004666,TYR,149,CA,7.760034797873608,-3.8,-13.95544827586207,-2.498310344827586,3.4922068965517243
T1067_Target,HMDB0004673,THR,150,CA,5.8362319938962655,-5.2,51.49678260869566,32.36330434782608,4.22408695652174,T1067_AlphaFold,HMDB0004673,THR,150,CA,8.40385352400493,-4.3,-13.295652173913044,-1.644086956521739,3.0754782608695654
T1067_Target,HMDB0004679,TYR,149,CA,5.6389478289886314,-5.6,52.766,33.72766666666667,4.6810833333333335,T1067_AlphaFold,HMDB0004679,TYR,149,CA,7.029502848733132,-4.6,-13.066083333333333,-2.089125,3.0498333333333325
T1067_Target,HMDB0004680,TYR,149,CA,5.761059746503047,-5.3,53.60375000000001,34.01941666666667,3.9800000000000004,T1067_AlphaFold,HMDB0004680,TYR,149,CA,7.8745627166952366,-3.9,-14.274166666666666,-3.3253333333333335,3.730416666666667
T1067_Target,HMDB0004682,THR,236,CA,5.3834447073102565,-4.5,53.30766666666665,35.92033333333334,4.630833333333334,T1067_AlphaFold,HMDB0004682,THR,236,CA,5.797132270271894,-5.0,-12.770874999999998,-3.369875,3.998333333333333
T1067_Target,HMDB0004684,THR,150,CA,5.421406664975506,-5.4,50.90853571428571,32.101464285714286,4.904714285714287,T1067_AlphaFold,HMDB0004684,THR,150,CA,7.417347694435867,-4.9,-12.798607142857145,-2.9092500000000006,2.7526785714285715
T1067_Target,HMDB0004685,SER,164,CA,4.246803205678836,-5.9,62.89511111111111,21.27948148148148,-9.99303703703704,T1067_AlphaFold,HMDB0004685,SER,164,CA,21.93827555042101,-5.0,-13.262444444444442,-1.5907407407407408,2.795518518518519
T1067_Target,HMDB0004688,TYR,149,CA,5.587206871845711,-5.8,52.33364,33.55535999999999,5.21536,T1067_AlphaFold,HMDB0004688,TYR,149,CA,6.516418929811068,-5.1,-12.841640000000002,-2.95956,3.1081600000000007
T1067_Target,HMDB0004693,GLU,163,CA,3.9890773022341914,-5.1,61.810919999999996,22.324120000000004,-11.42268,T1067_AlphaFold,HMDB0004693,GLU,163,CA,6.780696074003022,-4.8,-2.13444,11.707199999999998,1.2338799999999994
T1067_Target,HMDB0004704,TYR,149,CA,5.259182582800876,-5.5,52.58433333333334,33.161125000000006,4.980250000000001,T1067_AlphaFold,HMDB0004704,TYR,149,CA,6.460851733845632,-5.4,-12.70975,-2.95875,3.204708333333333
T1067_Target,HMDB0004705,TYR,149,CA,6.165304791763918,-5.0,53.81791666666668,33.90683333333333,3.0556250000000005,T1067_AlphaFold,HMDB0004705,TYR,149,CA,7.347853010899965,-4.5,-13.211333333333334,-2.7060833333333334,3.981708333333333
T1067_Target,HMDB0004708,SER,164,CA,5.134998172277176,-5.3,62.86665384615385,21.933192307692305,-8.06326923076923,T1067_AlphaFold,HMDB0004708,SER,164,CA,24.374144748248703,-5.2,-12.661999999999999,-4.698961538461539,2.649769230769231
T1067_Target,HMDB0004710,THR,236,CA,6.724788035198074,-4.7,53.735,34.32746153846154,2.624461538461539,T1067_AlphaFold,HMDB0004710,THR,236,CA,7.701460993533061,-4.6,-13.247653846153845,-2.061384615384615,2.092884615384615
T1067_Target,HMDB0004824,GLY,179,CA,3.921829158469916,-6.4,60.00226923076923,23.68184615384615,-6.834076923076923,T1067_AlphaFold,HMDB0004824,GLY,179,CA,11.31381665939337,-6.6,-13.38361538461539,-2.586076923076924,1.7013076923076924
T1067_Target,HMDB0004947,TYR,57,CA,5.21632336901566,-3.7,54.864081081081075,38.416270270270275,2.125756756756757,T1067_AlphaFold,HMDB0004947,TYR,57,CA,32.44763954850245,-2.9,3.066756756756756,21.766459459459465,-3.8488378378378387
T1067_Target,HMDB0004948,THR,137,CA,6.6066081834449575,-2.3,71.15841860465115,32.41353488372093,-22.099744186046514,T1067_AlphaFold,HMDB0004948,THR,137,CA,21.580854011855436,-3.1,-13.75604651162791,1.1710697674418604,7.528116279069767
T1067_Target,HMDB0004949,GLU,163,CA,4.641310035915963,-3.2,56.601073170731716,21.850682926829265,-15.335365853658534,T1067_AlphaFold,HMDB0004949,GLU,163,CA,27.498929023394172,-3.6,-14.500146341463413,-7.835292682926828,9.200902439024393
T1067_Target,HMDB0004950,TYR,251,CA,6.570426935328727,-2.4,38.78606976744186,35.804581395348855,16.42604651162791,T1067_AlphaFold,HMDB0004950,TYR,251,CA,36.50575365378339,-3.2,5.740976744186046,4.834325581395349,16.62416279069767
T1067_Target,HMDB0004951,GLU,176,CA,4.924488327572218,-3.3,51.42206666666667,31.237044444444443,-0.6062444444444447,T1067_AlphaFold,HMDB0004951,GLU,176,CA,23.5737250386532,-2.7,-4.410422222222224,16.317955555555557,19.580800000000004
T1067_Target,HMDB0004952,TYR,264,CA,4.864336628205681,-2.1,75.59174468085106,31.591893617021277,17.15489361702128,T1067_AlphaFold,HMDB0004952,TYR,264,CA,21.814254753039616,-1.8,-12.698829787234041,-13.102425531914893,14.273829787234044
T1067_Target,HMDB0004953,PHE,133,CA,4.334854047686475,-3.0,55.02355102040817,25.980551020408164,-16.67061224489796,T1067_AlphaFold,HMDB0004953,PHE,133,CA,47.89199881879689,-2.3,7.2738979591836745,-19.704632653061232,-11.066714285714284
T1067_Target,HMDB0004955,ILE,230,CA,6.570853055002402,-2.7,40.77168627450982,32.33301960784314,18.783647058823526,T1067_AlphaFold,HMDB0004955,ILE,230,CA,33.14067492221431,-4.2,0.05731372549019629,14.921137254901959,-0.096921568627451
T1067_Target,HMDB0004956,GLN,240,CA,7.288925925957988,-2.2,59.36889795918368,39.204408163265306,21.489551020408168,T1067_AlphaFold,HMDB0004956,GLN,240,CA,29.04354229463052,-1.6,6.288959183673474,2.47765306122449,20.044142857142855
T1067_Target,HMDB0004957,VAL,129,CA,5.920523930498018,-2.5,71.59283999999998,27.558119999999988,-21.75154,T1067_AlphaFold,HMDB0004957,VAL,129,CA,32.50847983281285,-1.8,2.15402,-1.61048,19.852640000000005
T1067_Target,HMDB0005028,THR,236,CA,5.889217164411574,-6.9,53.09528000000001,34.31096,4.47864,T1067_AlphaFold,HMDB0005028,THR,236,CA,7.4061115059388625,-6.7,-12.766840000000002,-2.0453200000000002,2.22552
T1067_Target,HMDB0005045,THR,236,CA,5.689616945921708,-4.1,54.471624999999996,36.09745833333333,3.1173750000000005,T1067_AlphaFold,HMDB0005045,THR,236,CA,6.426150163211165,-4.7,-13.118833333333333,-3.312875,2.8765416666666668
T1067_Target,HMDB0005049,THR,236,CA,6.2095597148712365,-5.2,52.54404347826089,34.603956521739136,4.555391304347826,T1067_AlphaFold,HMDB0005049,THR,236,CA,6.7859147586402235,-4.7,-12.944391304347826,-3.034478260869564,2.243652173913044
T1067_Target,HMDB0005056,TYR,149,CA,5.278180232762672,-7.3,52.59,33.047576923076925,4.7709230769230775,T1067_AlphaFold,HMDB0005056,TYR,149,CA,5.644366194941958,-7.6,-11.890846153846155,-3.301576923076924,3.082961538461539
T1067_Target,HMDB0005060,TYR,149,CA,5.841368275901694,-4.9,52.08668181818182,32.86663636363637,4.117318181818182,T1067_AlphaFold,HMDB0005060,TYR,149,CA,17.958893687396408,-4.3,-2.589772727272727,11.451227272727273,3.66390909090909
T1067_Target,HMDB0005065,THR,236,CA,6.354881662417739,-3.6,53.722533333333345,36.45543333333333,2.856933333333333,T1067_AlphaFold,HMDB0005065,THR,236,CA,25.806568483172395,-4.2,1.247266666666667,15.565766666666667,0.7414666666666665
T1067_Target,HMDB0005066,THR,236,CA,5.276283903457216,-4.0,54.02296153846153,36.69146153846154,4.058000000000001,T1067_AlphaFold,HMDB0005066,THR,236,CA,7.114841341110258,-4.1,-14.303538461538462,-3.7308461538461537,2.5497307692307696
T1067_Target,HMDB0005073,SER,164,CA,4.397034983705391,-6.1,63.38592307692309,21.17442307692308,-9.31496153846154,T1067_AlphaFold,HMDB0005073,SER,164,CA,23.181148627448767,-4.5,-14.005461538461539,-2.879615384615385,1.4675
T1067_Target,HMDB0005079,SER,164,CA,4.603804133642654,-5.9,63.76052173913043,19.88547826086957,-6.894999999999999,T1067_AlphaFold,HMDB0005079,SER,164,CA,6.239308572218341,-5.1,-0.6500869565217392,11.82304347826087,0.7385652173913043
T1067_Target,HMDB0005081,TYR,149,CA,5.692647950426938,-5.3,52.58958333333334,32.94258333333334,3.8624166666666664,T1067_AlphaFold,HMDB0005081,TYR,149,CA,17.69887908924249,-5.0,-1.7481249999999993,11.1875,1.9660000000000002
T1067_Target,HMDB0005083,SER,206,CA,5.2863281393069546,-5.9,63.25314285714286,21.719321428571423,-7.097035714285712,T1067_AlphaFold,HMDB0005083,SER,206,CA,5.440269417426281,-5.7,-1.6007500000000003,11.50564285714286,0.6970357142857143
T1067_Target,HMDB0005087,THR,236,CA,4.92475918673565,-5.4,55.02953846153848,36.43946153846153,3.691076923076923,T1067_AlphaFold,HMDB0005087,THR,236,CA,6.015278331738611,-4.3,-13.104769230769234,-3.1328461538461543,5.215153846153847
T1067_Target,HMDB0005088,TYR,149,CA,5.643717357333489,-5.1,52.90000000000002,33.67276923076923,4.424307692307692,T1067_AlphaFold,HMDB0005088,TYR,149,CA,7.943936047453778,-4.2,-14.475384615384618,-1.327730769230769,0.7078846153846151
T1067_Target,HMDB0005095,LYS,134,CA,5.742157895618093,-3.9,56.786571428571406,25.69171428571429,-11.636367346938778,T1067_AlphaFold,HMDB0005095,LYS,134,CA,26.98818086737592,-3.5,-14.181979591836738,-0.5314693877551023,6.696408163265305
T1067_Target,HMDB0005096,THR,236,CA,5.455157389231719,-5.3,54.36040740740741,35.79288888888888,3.4853333333333336,T1067_AlphaFold,HMDB0005096,THR,236,CA,19.190253699203158,-4.6,-3.8513703703703706,10.633703703703702,2.599666666666667
T1067_Target,HMDB0005099,THR,236,CA,5.300798409227382,-5.6,54.59520689655172,35.10113793103448,3.5942413793103443,T1067_AlphaFold,HMDB0005099,THR,236,CA,7.115091777843374,-5.6,-13.106793103448277,-2.276620689655172,2.9846896551724136
T1067_Target,HMDB0005102,TYR,149,CA,5.817228551398374,-6.1,51.79933333333333,33.62892592592593,5.908703703703703,T1067_AlphaFold,HMDB0005102,TYR,149,CA,6.846571662180808,-5.1,-13.200074074074077,-2.45137037037037,2.752444444444445
T1067_Target,HMDB0005189,LYS,134,CA,5.173495961927977,-6.6,60.87531914893618,25.924893617021276,-10.442404255319152,T1067_AlphaFold,HMDB0005189,LYS,134,CA,43.23323996771385,-5.2,-5.909659574468087,-20.077638297872337,3.235553191489362
T1067_Target,HMDB0005193,THR,177,CA,7.406653663416151,-4.0,53.14724489795918,35.88122448979591,0.3713061224489795,T1067_AlphaFold,HMDB0005193,THR,177,CA,26.138531041142212,-3.7,4.771734693877552,24.51185714285715,-1.1841428571428574
T1067_Target,HMDB0005768,SER,206,CA,4.279596389184998,-7.0,65.64485294117647,19.31520588235294,-6.800117647058822,T1067_AlphaFold,HMDB0005768,SER,206,CA,5.529620941991479,-6.3,-2.875176470588235,10.523558823529413,2.9233529411764705
T1067_Target,HMDB0005770,GLY,179,CA,5.160364457601515,-6.4,60.907959183673476,24.952551020408166,-8.177224489795918,T1067_AlphaFold,HMDB0005770,GLY,179,CA,8.567272912170097,-7.0,-0.39926530612244915,11.964102040816327,2.2247755102040814
T1067_Target,HMDB0005789,THR,236,CA,6.143011522824947,-6.2,52.96848275862068,34.69610344827588,4.055655172413792,T1067_AlphaFold,HMDB0005789,THR,236,CA,6.410334231409693,-5.8,-13.345827586206898,-2.9459310344827583,4.327689655172413
T1067_Target,HMDB0005821,THR,236,CA,5.942073440397028,-6.9,54.09141935483871,35.71854838709677,3.081935483870968,T1067_AlphaFold,HMDB0005821,THR,236,CA,20.216803082927346,-7.3,-4.848387096774194,12.125000000000002,6.6417419354838705
T1067_Target,HMDB0005972,TYR,149,CA,5.735226120704597,-7.8,52.626392857142854,33.715428571428575,4.634178571428571,T1067_AlphaFold,HMDB0005972,TYR,149,CA,17.8711151288603,-6.7,-3.8737142857142857,11.255928571428571,5.296071428571429
T1067_Target,HMDB0005998,SER,206,CA,4.938011393699458,-4.8,65.73712499999998,19.851916666666664,-8.253708333333334,T1067_AlphaFold,HMDB0005998,SER,206,CA,20.161125481537276,-4.5,-13.41191666666667,-2.999416666666667,2.7957083333333337
T1067_Target,HMDB0006031,TYR,57,CA,6.546999601398986,-7.5,54.39534782608695,35.25495652173913,1.8856956521739134,T1067_AlphaFold,HMDB0006031,TYR,57,CA,6.822130948511537,-7.5,-13.259434782608695,-2.4157391304347824,4.961173913043479
T1067_Target,HMDB0006045,SER,206,CA,4.967389787682076,-6.3,66.47138235294118,18.866911764705883,-7.884823529411765,T1067_AlphaFold,HMDB0006045,SER,206,CA,5.1345424700062186,-6.3,-2.5713823529411757,9.866794117647055,4.252735294117647
T1067_Target,HMDB0006059,THR,150,CA,5.966659663672112,-5.1,51.253821428571435,32.60242857142857,4.415428571428572,T1067_AlphaFold,HMDB0006059,THR,150,CA,8.357602968179602,-4.3,-13.646928571428571,-3.457035714285715,3.591714285714286
T1067_Target,HMDB0006070,TYR,149,CA,5.992402547002524,-7.2,52.239333333333335,33.26155555555555,4.034296296296296,T1067_AlphaFold,HMDB0006070,TYR,149,CA,17.620600123217482,-7.1,-1.7998888888888884,10.87748148148148,3.4237037037037044
T1067_Target,HMDB0006111,TYR,149,CA,5.741203278803284,-5.5,52.27295833333334,33.14220833333333,4.354541666666666,T1067_AlphaFold,HMDB0006111,TYR,149,CA,6.328890791112872,-4.6,-13.086833333333331,-2.9296666666666664,2.148916666666666
T1067_Target,HMDB0006117,TYR,149,CA,6.588029288540456,-6.7,52.06064444444443,34.058755555555564,4.013822222222222,T1067_AlphaFold,HMDB0006117,TYR,149,CA,17.77021119817247,-7.4,-5.062022222222222,11.992066666666668,2.710022222222222
T1067_Target,HMDB0006119,GLY,135,CA,5.111795296465388,-7.0,63.20306451612903,31.690032258064512,-9.008774193548387,T1067_AlphaFold,HMDB0006119,GLY,135,CA,10.195525349634853,-6.5,-3.9346451612903226,10.79522580645161,3.263451612903226
T1067_Target,HMDB0006203,THR,236,CA,6.065782618355856,-8.2,53.41597222222224,35.155472222222215,3.5622222222222226,T1067_AlphaFold,HMDB0006203,THR,236,CA,19.487586286820267,-8.4,-3.102027777777778,10.89097222222222,4.12075
T1067_Target,HMDB0006219,LYS,134,CA,5.051361773066415,-5.6,60.62163636363637,24.809272727272727,-11.912318181818183,T1067_AlphaFold,HMDB0006219,LYS,134,CA,13.332452343733836,-5.3,-3.622454545454545,11.32959090909091,6.2748181818181825
T1067_Target,HMDB0006224,TYR,149,CA,6.56099995642743,-8.2,51.750861111111114,33.995694444444446,4.427305555555555,T1067_AlphaFold,HMDB0006224,TYR,149,CA,16.8846883295292,-7.7,-4.395555555555556,9.722166666666668,6.777694444444444
T1067_Target,HMDB0006245,THR,236,CA,6.264485055902431,-4.5,53.12854166666668,34.822833333333335,3.6461666666666677,T1067_AlphaFold,HMDB0006245,THR,236,CA,4.717647463175429,-5.4,-12.345208333333334,-4.200875,5.197166666666667
T1067_Target,HMDB0006247,GLY,135,CA,4.980912263960241,-7.2,62.322870967741935,30.862387096774192,-9.276516129032256,T1067_AlphaFold,HMDB0006247,GLY,135,CA,10.377642189892459,-7.3,-3.1678387096774183,10.616709677419356,4.499612903225805
T1067_Target,HMDB0006317,THR,236,CA,5.940526967086651,-4.5,53.53724999999999,35.80560714285714,3.543035714285714,T1067_AlphaFold,HMDB0006317,THR,236,CA,7.838143490492569,-3.9,-13.781571428571429,-1.3519285714285714,4.8932142857142855
T1067_Target,HMDB0006327,TYR,149,CA,6.54013914628232,-7.0,51.37621874999999,33.7326875,4.737468750000001,T1067_AlphaFold,HMDB0006327,TYR,149,CA,8.151815168177752,-5.8,-14.465687500000003,-2.97978125,3.776375
T1067_Target,HMDB0006335,THR,236,CA,6.671017158673903,-5.6,53.374774193548376,35.155999999999985,2.77709677419355,T1067_AlphaFold,HMDB0006335,THR,236,CA,6.477938023669382,-5.5,-13.444387096774197,-2.954032258064516,4.284870967741935
T1067_Target,HMDB0006461,GLU,176,CA,6.685853620476928,-3.5,51.216300000000004,32.16976666666667,1.6537000000000006,T1067_AlphaFold,HMDB0006461,GLU,176,CA,23.347569986260524,-3.6,-2.396466666666667,-17.039666666666665,7.029033333333332
T1067_Target,HMDB0006464,GLY,135,CA,4.95777751069525,-4.5,62.807266666666656,29.0022,-9.638966666666667,T1067_AlphaFold,HMDB0006464,GLY,135,CA,6.173123425786982,-3.4,2.8197666666666668,20.955433333333335,-2.568233333333333
T1067_Target,HMDB0006465,LYS,134,CA,4.748226256525817,-4.5,60.34386363636363,28.683249999999997,-9.712045454545452,T1067_AlphaFold,HMDB0006465,LYS,134,CA,27.96395167315805,-4.7,-14.74202272727273,-2.292704545454546,1.661
T1067_Target,HMDB0006469,GLU,163,CA,3.5309008309180654,-5.2,62.33013333333334,20.921900000000008,-12.1255,T1067_AlphaFold,HMDB0006469,GLU,163,CA,29.70309268418956,-3.0,15.3786,-1.5941666666666667,-9.53053333333333
T1067_Target,HMDB0006528,THR,236,CA,5.363412786857098,-4.8,54.4215,36.72583333333334,3.6126666666666662,T1067_AlphaFold,HMDB0006528,THR,236,CA,6.433038543818156,-5.0,-13.174041666666668,-3.385833333333333,2.826208333333333
T1067_Target,HMDB0006535,SER,164,CA,5.28178590276664,-6.0,62.37432352941179,22.290705882352942,-8.191117647058823,T1067_AlphaFold,HMDB0006535,SER,164,CA,23.654009900771854,-6.6,-13.045264705882351,-3.6439999999999992,2.956852941176471
T1067_Target,HMDB0006552,TYR,149,CA,5.980740171110003,-7.3,53.28926086956521,34.18330434782608,4.053086956521739,T1067_AlphaFold,HMDB0006552,TYR,149,CA,20.487244459250284,-7.5,0.22391304347826077,13.515956521739133,0.8260434782608695
T1067_Target,HMDB0006566,ARG,178,CA,5.43479909779108,-7.0,62.13354838709677,30.74335483870969,-8.658983870967742,T1067_AlphaFold,HMDB0006566,ARG,178,CA,5.679181616023878,-7.6,-3.6259516129032265,9.791274193548391,5.187483870967743
T1067_Target,HMDB0006567,ARG,178,CA,4.672382343771664,-6.6,59.817854838709685,27.874080645161285,-8.694645161290323,T1067_AlphaFold,HMDB0006567,ARG,178,CA,6.213489339649128,-6.4,-5.1744032258064525,10.850048387096772,2.1955645161290334
T1067_Target,HMDB0006569,ARG,178,CA,5.271260302325807,-6.3,61.77572727272725,27.985909090909086,-8.960963636363635,T1067_AlphaFold,HMDB0006569,ARG,178,CA,7.25132120651127,-5.9,-3.4646909090909084,11.414890909090914,2.821527272727273
T1067_Target,HMDB0006587,ALA,136,CA,6.876331460455458,-6.0,62.36329090909092,34.87265454545454,-7.942309090909091,T1067_AlphaFold,HMDB0006587,ALA,136,CA,7.9349670659796585,-6.7,-5.010018181818181,10.891618181818181,4.829345454545454
T1067_Target,HMDB0006606,GLY,179,CA,4.666091357898857,-6.1,57.56898507462688,24.929582089552227,-8.44376119402985,T1067_AlphaFold,HMDB0006606,GLY,179,CA,6.055739326708975,-6.5,-6.2803432835820905,12.08234328358209,3.726537313432836
T1067_Target,HMDB0006707,GLU,163,CA,4.047221520055702,-5.8,62.887862068965525,20.65308620689655,-13.030620689655176,T1067_AlphaFold,HMDB0006707,GLU,163,CA,14.231875263988464,-4.1,4.956431034482763,24.604379310344832,1.6836379310344822
T1067_Target,HMDB0006725,ASN,175,CA,7.293397552168339,-6.4,51.43762790697675,32.866372093023266,2.1392558139534885,T1067_AlphaFold,HMDB0006725,ASN,175,CA,11.757285653077806,-5.3,-5.438767441860465,10.591930232558138,7.436093023255814
T1067_Target,HMDB0006726,TYR,251,CA,6.928496516110912,-4.5,41.03477551020407,36.20446938775512,18.310734693877556,T1067_AlphaFold,HMDB0006726,TYR,251,CA,20.20285650453768,-4.3,-3.8074693877551016,-17.644326530612243,8.349061224489796
T1067_Target,HMDB0006727,TYR,121,CA,4.203427930302153,-4.6,72.56227450980394,21.840098039215686,-15.021470588235292,T1067_AlphaFold,HMDB0006727,TYR,121,CA,27.486910691277217,-3.1,-15.54754901960784,-2.298725490196078,6.300411764705883
T1067_Target,HMDB0006730,THR,150,CA,6.74970650119183,-6.0,50.88292727272729,32.51961818181817,3.2483454545454538,T1067_AlphaFold,HMDB0006730,THR,150,CA,18.5887042227618,-6.6,-4.639290909090909,11.06869090909091,3.6073454545454537
T1067_Target,HMDB0006731,ARG,178,CA,5.700242945274546,-6.0,61.74151020408165,32.72322448979593,-7.806346938775513,T1067_AlphaFold,HMDB0006731,ARG,178,CA,23.414923360585462,-4.5,-17.980346938775508,-14.663346938775513,9.778081632653059
T1067_Target,HMDB0006733,GLU,176,CA,6.824670179067739,-5.6,50.55525490196079,32.11401960784313,1.2467843137254908,T1067_AlphaFold,HMDB0006733,GLU,176,CA,25.437100867142522,-4.7,4.513411764705883,24.167137254901967,0.9409411764705883
T1067_Target,HMDB0006734,GLU,54,CA,5.25304897945862,-4.7,71.50534693877549,38.589183673469385,1.8206530612244896,T1067_AlphaFold,HMDB0006734,GLU,54,CA,13.444851762215716,-3.7,-15.19426530612245,0.05528571428571454,6.827795918367348
T1067_Target,HMDB0006736,THR,177,CA,5.646601185375936,-5.6,56.746551020408155,36.24710204081633,-1.781857142857143,T1067_AlphaFold,HMDB0006736,THR,177,CA,25.31716289440968,-4.3,-7.282081632653064,-0.30751020408163265,-20.160142857142862
T1067_Target,HMDB0006737,TYR,243,CA,6.182200608248682,-3.5,52.79170588235292,46.22856862745098,14.40243137254902,T1067_AlphaFold,HMDB0006737,TYR,243,CA,37.65244720877122,-5.3,-0.08245098039215704,16.12017647058823,1.9467450980392165
T1067_Target,HMDB0006740,GLY,201,CA,4.941070121275046,-4.0,76.20834693877552,14.075265306122448,11.487448979591836,T1067_AlphaFold,HMDB0006740,GLY,201,CA,29.98349584292191,-3.8,-16.310326530612244,-2.042061224489796,2.5405102040816328
T1067_Target,HMDB0006759,TYR,149,CA,5.508251665588488,-7.5,52.83145833333333,33.388666666666666,4.407583333333334,T1067_AlphaFold,HMDB0006759,TYR,149,CA,6.288739343008705,-7.1,-12.956291666666665,-3.9409166666666664,3.0518750000000003
T1067_Target,HMDB0006766,GLY,179,CA,5.292964887719512,-8.4,61.726552631578954,23.397157894736836,-7.1831578947368415,T1067_AlphaFold,HMDB0006766,GLY,179,CA,4.148939948216391,-7.7,-5.922289473684209,10.765157894736843,0.8569210526315786
T1067_Target,HMDB0006840,TYR,57,CA,5.798514459276926,-6.4,54.34006451612901,37.31429032258064,2.6716774193548387,T1067_AlphaFold,HMDB0006840,TYR,57,CA,6.38213111647898,-7.6,-13.503129032258064,-2.4876451612903225,5.66583870967742
T1067_Target,HMDB0006841,THR,150,CA,6.3055761593644855,-7.0,50.83089655172413,33.297999999999995,5.11496551724138,T1067_AlphaFold,HMDB0006841,THR,150,CA,9.941505424941932,-7.1,-13.362275862068971,-2.8839310344827593,5.406413793103448
T1067_Target,HMDB0006940,TYR,149,CA,5.765231354826029,-5.2,52.589999999999996,33.146782608695645,3.9293043478260867,T1067_AlphaFold,HMDB0006940,TYR,149,CA,13.401814610438095,-4.5,-4.104304347826086,-16.989782608695652,5.579130434782608
T1067_Target,HMDB0007011,ARG,153,CA,5.430439628323885,-2.3,46.15723076923077,23.632666666666662,-1.5504615384615383,T1067_AlphaFold,HMDB0007011,ARG,153,CA,23.200681900997406,-1.8,-20.789230769230763,-18.190666666666665,-10.462615384615384
T1067_Target,HMDB0007012,LYS,152,CA,6.535194132121107,-3.3,48.60094871794872,31.036897435897433,1.1751538461538464,T1067_AlphaFold,HMDB0007012,LYS,152,CA,12.104474317144534,-2.8,-15.684000000000001,-4.106205128205128,5.156794871794872
T1067_Target,HMDB0007013,ASP,55,CA,7.6394903855935645,-1.8,63.93185365853657,42.13724390243903,-7.207048780487805,T1067_AlphaFold,HMDB0007013,ASP,55,CA,12.132755239220176,-2.5,-15.991243902439031,-1.4019512195121955,4.1082682926829275
T1067_Target,HMDB0007014,GLY,191,CA,6.195846774719342,-2.3,74.77131707317074,14.618121951219509,-7.579487804878048,T1067_AlphaFold,HMDB0007014,GLY,191,CA,17.205069305298338,-4.2,-1.5882682926829272,14.30356097560976,2.7137317073170752
T1067_Target,HMDB0007015,ALA,89,CA,9.151910453042666,-2.8,76.59068292682926,34.00314634146342,3.202804878048779,T1067_AlphaFold,HMDB0007015,ALA,89,CA,20.27011725559627,-3.9,-0.3108048780487804,13.734658536585368,3.0757560975609763
T1067_Target,HMDB0007016,SER,206,CA,5.364146031497815,-4.0,68.45139024390244,19.880170731707324,-9.188951219512195,T1067_AlphaFold,HMDB0007016,SER,206,CA,13.67298162277968,-2.7,2.5307560975609746,21.361634146341462,-2.990536585365854
T1067_Target,HMDB0007017,ARG,221,CA,5.230331532391326,-2.7,49.247073170731696,7.737609756097561,11.423975609756097,T1067_AlphaFold,HMDB0007017,ARG,221,CA,23.566478171784134,-2.2,4.262365853658536,-24.325024390243907,-10.38951219512195
T1067_Target,HMDB0007018,GLU,117,CA,5.163558219485882,-3.8,76.02373170731707,31.141829268292685,-0.47534146341463407,T1067_AlphaFold,HMDB0007018,GLU,117,CA,26.680220135625294,-3.0,-1.4245609756097557,18.02614634146341,-12.232682926829272
T1067_Target,HMDB0007020,SER,190,CA,5.360886407094206,-2.4,67.94913953488373,12.470860465116283,-12.521767441860463,T1067_AlphaFold,HMDB0007020,SER,190,CA,9.783123270450208,-2.5,3.27253488372093,24.82690697674419,-3.291046511627907
T1067_Target,HMDB0007021,PRO,60,CA,5.414144357550096,-3.6,69.6590930232558,39.89351162790698,3.7553953488372094,T1067_AlphaFold,HMDB0007021,PRO,60,CA,12.062716051481505,-2.3,5.827953488372093,0.08369767441860473,16.829162790697673
T1067_Target,HMDB0007022,THR,177,CA,3.673020070396265,-3.5,57.88930232558139,30.819232558139532,-7.3626744186046515,T1067_AlphaFold,HMDB0007022,THR,177,CA,27.387242698673035,-2.4,-20.294813953488372,-17.80332558139535,-8.573465116279069
T1067_Target,HMDB0007023,THR,150,CA,6.810033330869244,-4.0,49.89130232558139,31.89941860465116,3.1358372093023266,T1067_AlphaFold,HMDB0007023,THR,150,CA,15.19398396381959,-2.3,-13.7743488372093,-14.128976744186046,-15.112418604651165
T1067_Target,HMDB0007024,MET,52,CA,7.042369725909661,-3.1,76.13509302325582,33.79634883720931,-0.3573953488372095,T1067_AlphaFold,HMDB0007024,MET,52,CA,11.290085834906028,-2.3,-8.326930232558139,11.511255813953488,9.859139534883719
T1067_Target,HMDB0007025,ARG,116,CA,3.4396641009895914,-3.7,75.7806976744186,21.87023255813953,-2.3156511627906977,T1067_AlphaFold,HMDB0007025,ARG,116,CA,37.96170015615487,-2.9,-15.73067441860465,-20.309023255813955,-7.61081395348837
T1067_Target,HMDB0007026,THR,177,CA,2.8103088828037928,-3.0,54.25383720930231,31.067000000000004,-5.146883720930232,T1067_AlphaFold,HMDB0007026,THR,177,CA,32.13620078841889,-2.0,8.440325581395347,-8.529139534883724,-17.64281395348837
T1067_Target,HMDB0007029,GLU,163,CA,3.5998404675900257,-4.4,58.22195555555556,22.715511111111116,-13.579533333333334,T1067_AlphaFold,HMDB0007029,GLU,163,CA,39.33407998153231,-2.9,-5.409688888888889,-22.69213333333334,2.3241111111111112
T1067_Target,HMDB0007030,ALA,204,CA,5.107513867157863,-3.0,77.43695555555556,18.220288888888884,-1.5765333333333333,T1067_AlphaFold,HMDB0007030,ALA,204,CA,26.867557732571942,-3.0,-15.9584,1.0663999999999998,-4.501755555555555
T1067_Target,HMDB0007031,THR,177,CA,2.0889223355478355,-3.3,54.888533333333335,30.698844444444433,-4.754355555555554,T1067_AlphaFold,HMDB0007031,THR,177,CA,24.421956498038785,-2.2,12.649933333333333,5.121822222222223,10.52742222222222
T1067_Target,HMDB0007032,THR,238,CA,7.421565956382674,-1.7,61.798622222222235,45.31553333333333,14.175199999999998,T1067_AlphaFold,HMDB0007032,THR,238,CA,41.74304018963617,-1.8,7.891866666666668,22.521844444444444,-8.499622222222222
T1067_Target,HMDB0007033,ILE,230,CA,6.6368214000229475,-2.5,39.89157777777777,30.906044444444454,19.139266666666668,T1067_AlphaFold,HMDB0007033,ILE,230,CA,29.298152825092387,-3.8,-4.985466666666667,10.700622222222222,4.831044444444443
T1067_Target,HMDB0007035,GLY,156,CA,3.2743052348455493,-2.1,48.67402127659577,9.759021276595742,1.1070638297872353,T1067_AlphaFold,HMDB0007035,GLY,156,CA,31.818124136132326,-2.9,-6.2526170212765955,24.057255319148926,11.038893617021277
T1067_Target,HMDB0007036,LYS,152,CA,7.515495479922588,-2.4,48.14789361702127,31.305723404255307,-0.39844680851063863,T1067_AlphaFold,HMDB0007036,LYS,152,CA,34.56505207953189,-2.3,-2.733851063829787,24.736702127659573,16.656851063829787
T1067_Target,HMDB0007040,THR,238,CA,5.296617452972183,-3.2,61.72053846153845,39.00733333333334,17.762794871794874,T1067_AlphaFold,HMDB0007040,THR,238,CA,24.0544951237145,-3.1,-6.71476923076923,10.962076923076921,12.382538461538465
T1067_Target,HMDB0007041,TYR,57,CA,6.721182317144995,-2.8,53.98697435897435,37.52923076923077,0.08561538461538455,T1067_AlphaFold,HMDB0007041,TYR,57,CA,30.114351044526995,-3.1,7.947358974358972,18.334307692307686,1.6536153846153843
T1067_Target,HMDB0007042,GLY,156,CA,2.7771140217334547,-3.0,49.39441463414633,10.891536585365856,-0.5899756097560979,T1067_AlphaFold,HMDB0007042,GLY,156,CA,35.27872119168834,-2.8,-3.695487804878049,20.701682926829264,16.765146341463414
T1067_Target,HMDB0007043,LYS,134,CA,4.655420709021825,-3.8,58.159804878048774,26.252780487804884,-11.581804878048784,T1067_AlphaFold,HMDB0007043,LYS,134,CA,20.337354385620213,-3.2,-11.538975609756097,5.877317073170731,6.542292682926829
T1067_Target,HMDB0007044,TYR,57,CA,5.260202416412322,-2.6,55.5010243902439,38.97790243902438,0.263292682926829,T1067_AlphaFold,HMDB0007044,TYR,57,CA,26.275980921368685,-2.1,-14.590926829268291,-19.34712195121952,-10.544512195121952
T1067_Target,HMDB0007045,GLU,163,CA,4.377498538219274,-3.7,58.11312195121951,20.531585365853665,-16.34185365853659,T1067_AlphaFold,HMDB0007045,GLU,163,CA,9.989326564031002,-3.7,-9.440878048780489,9.159121951219513,-6.863951219512194
T1067_Target,HMDB0007049,GLU,163,CA,3.428779217859356,-2.9,57.16879069767442,21.930767441860468,-13.673325581395346,T1067_AlphaFold,HMDB0007049,GLU,163,CA,37.75438373080555,-2.3,-0.5863953488372092,-19.776837209302325,7.841581395348834
T1067_Target,HMDB0007050,ILE,230,CA,6.466292577027842,-2.0,38.94534883720929,29.65018604651163,18.714023255813956,T1067_AlphaFold,HMDB0007050,ILE,230,CA,31.06096199939314,-3.1,-7.705348837209301,13.164976744186045,6.49613953488372
T1067_Target,HMDB0007051,TYR,111,CA,10.08908008092878,-1.7,74.76218604651159,8.169999999999998,14.795232558139537,T1067_AlphaFold,HMDB0007051,TYR,111,CA,30.2598463391042,-2.7,5.719604651162791,26.189139534883722,4.222813953488372
T1067_Target,HMDB0007052,ASP,55,CA,5.824472802609667,-2.6,61.574674418604644,38.451023255813965,-6.520139534883721,T1067_AlphaFold,HMDB0007052,ASP,55,CA,25.241198082946063,-3.4,-22.40665116279069,-10.326302325581395,-4.952767441860465
T1067_Target,HMDB0007053,ALA,124,CA,3.3864715867705697,-3.3,66.63841860465118,21.083372093023254,-20.805511627906977,T1067_AlphaFold,HMDB0007053,ALA,124,CA,26.68836164396474,-2.2,-3.9459767441860465,-1.104209302325581,20.10190697674419
T1067_Target,HMDB0007057,HIS,155,CA,6.283620743048488,-2.1,45.288911111111105,13.267866666666666,2.296288888888889,T1067_AlphaFold,HMDB0007057,HIS,155,CA,27.79295337751,-2.1,-17.608444444444448,-19.575711111111108,-10.106911111111115
T1067_Target,HMDB0007058,GLY,229,CA,3.891655120991684,-2.3,40.65608888888888,23.11764444444444,15.078044444444446,T1067_AlphaFold,HMDB0007058,GLY,229,CA,11.96212326437488,-2.1,-14.472488888888893,1.4754000000000003,-16.542244444444442
T1067_Target,HMDB0007059,ALA,198,CA,4.785372858571787,-2.9,74.05831111111114,8.81502222222222,8.715822222222222,T1067_AlphaFold,HMDB0007059,ALA,198,CA,39.822813722647,-2.2,-8.397244444444441,-23.219533333333338,3.9336666666666664
T1067_Target,HMDB0007060,TYR,251,CA,3.7971916116135884,-3.5,40.81673333333334,33.74015555555556,14.024133333333337,T1067_AlphaFold,HMDB0007060,TYR,251,CA,43.30568059063127,-2.7,8.12768888888889,17.907511111111106,10.677355555555556
T1067_Target,HMDB0007064,ARG,126,CA,5.662925256911744,-2.5,55.26125531914894,22.50165957446808,-19.022170212765957,T1067_AlphaFold,HMDB0007064,ARG,126,CA,23.998117557918494,-2.2,-1.1248297872340405,2.055191489361702,16.421787234042547
T1067_Target,HMDB0007065,ARG,178,CA,5.684684418543712,-3.3,60.1350425531915,31.435765957446804,-9.147659574468085,T1067_AlphaFold,HMDB0007065,ARG,178,CA,13.572021380196093,-2.0,-10.085170212765954,4.900148936170213,17.811680851063834
T1067_Target,HMDB0007068,TYR,111,CA,7.311213974194896,-2.5,74.51620512820512,10.872076923076921,12.777897435897437,T1067_AlphaFold,HMDB0007068,TYR,111,CA,35.93274500500905,-2.7,-18.092205128205126,-16.720461538461535,9.841820512820515
T1067_Target,HMDB0007095,LYS,242,CA,7.379205059066161,-2.0,54.82051282051283,46.28917948717949,14.382333333333335,T1067_AlphaFold,HMDB0007095,LYS,242,CA,5.595622291963562,-2.6,-17.801794871794876,-15.255128205128207,9.76048717948718
T1067_Target,HMDB0007096,SER,123,CA,3.177947708465042,-3.7,68.03823076923075,22.618307692307692,-18.801282051282048,T1067_AlphaFold,HMDB0007096,SER,123,CA,18.360158579286338,-2.2,12.957333333333334,9.548384615384615,9.58828205128205
T1067_Target,HMDB0007098,THR,236,CA,7.885699786068601,-3.1,52.3710243902439,35.80736585365853,1.972390243902438,T1067_AlphaFold,HMDB0007098,THR,236,CA,14.314061135545968,-1.8,-17.215414634146345,-17.998658536585364,11.007414634146341
T1067_Target,HMDB0007099,THR,236,CA,6.427773431502876,-3.4,53.193024390243885,38.197780487804884,3.74848780487805,T1067_AlphaFold,HMDB0007099,THR,236,CA,12.446756330797157,-3.1,-11.259731707317071,2.853951219512195,11.839756097560972
T1067_Target,HMDB0007100,VAL,53,CA,5.741596738364975,-2.4,70.08444186046513,42.25427906976745,0.08725581395348837,T1067_AlphaFold,HMDB0007100,VAL,53,CA,6.5435541989314725,-2.2,-9.63032558139535,5.557697674418603,16.101279069767447
T1067_Target,HMDB0007101,LYS,134,CA,4.290414979910183,-3.2,57.68472093023257,28.076441860465117,-11.29127906976744,T1067_AlphaFold,HMDB0007101,LYS,134,CA,10.135368851986561,-2.6,6.444279069767443,24.41981395348837,3.672953488372092
T1067_Target,HMDB0007102,LYS,242,CA,4.878642571860508,-3.2,51.8856511627907,41.047465116279064,7.231511627906977,T1067_AlphaFold,HMDB0007102,LYS,242,CA,32.26883711417968,-2.0,12.766534883720931,-12.371581395348839,-8.319767441860467
T1067_Target,HMDB0007103,GLN,79,CA,7.060765632794701,-2.0,45.19520930232558,24.411279069767446,22.884883720930237,T1067_AlphaFold,HMDB0007103,GLN,79,CA,11.781027048545067,-2.6,-22.034651162790695,-17.338162790697677,-6.201767441860466
T1067_Target,HMDB0007104,TYR,251,CA,5.627155371155082,-2.8,39.55823255813954,34.5976976744186,15.820465116279069,T1067_AlphaFold,HMDB0007104,TYR,251,CA,27.40058287029115,-3.3,-8.312186046511625,11.56153488372093,-10.982906976744184
T1067_Target,HMDB0007105,GLU,117,CA,6.2378088855195015,-3.7,75.55183720930232,32.42725581395349,0.6102558139534885,T1067_AlphaFold,HMDB0007105,GLU,117,CA,5.474384823056746,-3.1,9.136558139534886,3.8563255813953496,13.69151162790698
T1067_Target,HMDB0007106,THR,177,CA,7.108726426948516,-2.6,54.172488372093035,27.442813953488372,-9.457023255813949,T1067_AlphaFold,HMDB0007106,THR,177,CA,5.536953358754739,-3.1,-15.228697674418601,0.8714651162790692,4.572162790697675
T1067_Target,HMDB0007107,LYS,242,CA,5.460790291695565,-2.7,51.61811111111112,43.163866666666664,7.003155555555556,T1067_AlphaFold,HMDB0007107,LYS,242,CA,10.590965249403572,-3.2,-15.77597777777778,-3.1486444444444444,3.470377777777778
T1067_Target,HMDB0007108,GLU,176,CA,7.1779728908465685,-2.5,50.43340000000001,33.72391111111111,-1.6496222222222223,T1067_AlphaFold,HMDB0007108,GLU,176,CA,6.724438562896745,-2.5,-12.2126,9.796155555555556,-2.050844444444445
T1067_Target,HMDB0007109,TYR,251,CA,4.606871042312105,-2.8,39.30002222222222,35.90346666666666,10.17506666666667,T1067_AlphaFold,HMDB0007109,TYR,251,CA,34.139779340633716,-3.5,0.02322222222222222,15.295733333333333,1.2931333333333335
T1067_Target,HMDB0007110,ALA,198,CA,6.669974238941866,-2.5,75.2696888888889,10.600222222222222,10.853844444444443,T1067_AlphaFold,HMDB0007110,ALA,198,CA,14.672146471948848,-2.2,13.176422222222222,9.252533333333336,8.961177777777777
T1067_Target,HMDB0007111,GLY,156,CA,7.111841949979024,-1.9,46.988422222222226,10.219844444444446,-4.231311111111111,T1067_AlphaFold,HMDB0007111,GLY,156,CA,29.763521036411976,-2.2,-17.091866666666668,-2.3538,9.911777777777775
T1067_Target,HMDB0007112,THR,236,CA,7.664034271360772,-3.2,52.63331111111113,36.09402222222223,2.035644444444444,T1067_AlphaFold,HMDB0007112,THR,236,CA,19.520811737397448,-2.3,-12.176355555555556,-24.119222222222234,-4.490333333333334
T1067_Target,HMDB0007113,TYR,264,CA,5.295807080052649,-3.5,75.98866666666666,32.55155555555555,8.89782222222222,T1067_AlphaFold,HMDB0007113,TYR,264,CA,26.226620117358753,-3.1,13.643288888888888,2.757111111111111,-14.432799999999997
T1067_Target,HMDB0007114,GLU,163,CA,4.056775742713253,-3.6,56.550622222222216,22.555177777777775,-11.372088888888884,T1067_AlphaFold,HMDB0007114,GLU,163,CA,28.954811283740685,-3.4,17.40224444444444,0.8569777777777781,-5.561488888888891
T1067_Target,HMDB0007115,GLU,163,CA,4.789746727909447,-3.5,58.76614893617018,24.104276595744683,-10.89795744680851,T1067_AlphaFold,HMDB0007115,GLU,163,CA,27.693011135321836,-2.1,11.034021276595746,-0.00497872340425522,12.915680851063827
T1067_Target,HMDB0007116,ALA,226,CA,6.6192823691728755,-1.9,45.10678723404255,15.76206382978724,19.942765957446806,T1067_AlphaFold,HMDB0007116,ALA,226,CA,27.50779974295484,-2.9,16.317872340425534,-4.344127659574468,-3.5584680851063824
T1067_Target,HMDB0007117,LYS,134,CA,3.4278572848007416,-3.5,59.18865957446809,29.922255319148945,-11.310148936170215,T1067_AlphaFold,HMDB0007117,LYS,134,CA,28.211669090243518,-2.7,8.992851063829788,2.1701702127659575,14.811617021276593
T1067_Target,HMDB0007118,SER,56,CA,3.408102940926674,-3.1,64.0101276595745,42.68997872340426,2.554851063829787,T1067_AlphaFold,HMDB0007118,SER,56,CA,19.435622519551533,-2.6,-18.652425531914893,-19.124042553191483,8.672170212765959
T1067_Target,HMDB0007119,ARG,250,CA,6.283161721366117,-2.2,38.63082978723403,39.672319148936175,10.948851063829785,T1067_AlphaFold,HMDB0007119,ARG,250,CA,44.211019929994144,-2.8,4.912000000000001,21.605404255319147,-9.110957446808506
T1067_Target,HMDB0007120,GLN,79,CA,5.112079291950461,-3.0,45.399446808510646,27.534680851063836,22.56021276595745,T1067_AlphaFold,HMDB0007120,GLN,79,CA,35.18417553509249,-3.3,4.869978723404255,13.97040425531915,-16.734510638297873
T1067_Target,HMDB0007121,LEU,106,CA,5.43604020688113,-2.0,62.57955319148933,17.578595744680854,26.824042553191486,T1067_AlphaFold,HMDB0007121,LEU,106,CA,31.50206582794608,-3.1,-19.94940425531915,-17.70334042553191,7.877000000000001
T1067_Target,HMDB0007124,ASP,118,CA,5.836811400706395,-2.6,78.78202564102564,31.374282051282055,-5.626871794871794,T1067_AlphaFold,HMDB0007124,ASP,118,CA,33.45990824139664,-2.3,-17.861025641025645,-15.745512820512822,10.100948717948716
T1067_Target,HMDB0007125,GLU,176,CA,3.8905121288320257,-3.3,54.82102564102564,27.496769230769225,-6.037179487179488,T1067_AlphaFold,HMDB0007125,GLU,176,CA,27.443462723205567,-3.0,-7.86369230769231,-23.464282051282048,-0.4375897435897441
T1067_Target,HMDB0007127,VAL,249,CA,8.301139026579904,-2.7,43.56687804878049,36.67604878048781,22.21021951219512,T1067_AlphaFold,HMDB0007127,VAL,249,CA,35.4562174949441,-4.2,-0.9085365853658528,12.879097560975607,3.6094634146341456
T1067_Target,HMDB0007128,TYR,57,CA,7.24422730539503,-3.0,52.907,37.26060975609756,2.2329512195121954,T1067_AlphaFold,HMDB0007128,TYR,57,CA,15.602428942469777,-2.8,-15.747439024390243,-18.614243902439025,8.383487804878051
T1067_Target,HMDB0007129,LYS,202,CA,4.249135061478609,-3.0,78.92186046511627,19.003953488372087,7.25993023255814,T1067_AlphaFold,HMDB0007129,LYS,202,CA,26.82407508124567,-2.4,-10.77339534883721,4.176813953488372,14.525511627906974
T1067_Target,HMDB0007130,ASP,55,CA,5.613180048597874,-3.0,60.71174418604652,37.674697674418624,-5.949720930232558,T1067_AlphaFold,HMDB0007130,ASP,55,CA,31.179772784159645,-2.4,-13.225720930232553,-18.49451162790698,-11.958209302325582
T1067_Target,HMDB0007131,LYS,134,CA,3.0878849077245674,-3.7,61.58862790697674,30.300441860465114,-11.818558139534879,T1067_AlphaFold,HMDB0007131,LYS,134,CA,44.3014605302226,-3.0,-7.926906976744184,-20.816441860465112,4.715999999999999
T1067_Target,HMDB0007132,ALA,198,CA,5.282769871927075,-2.5,75.33646511627909,9.594232558139534,9.44460465116279,T1067_AlphaFold,HMDB0007132,ALA,198,CA,20.037962192647335,-2.6,3.8533720930232565,22.877953488372086,-3.899255813953489
T1067_Target,HMDB0007133,GLU,176,CA,5.749967190914471,-3.8,51.62360465116277,32.08483720930232,0.3910465116279066,T1067_AlphaFold,HMDB0007133,GLU,176,CA,30.137468790034575,-2.0,-21.404418604651166,-24.344720930232555,-0.7191627906976745
T1067_Target,HMDB0007134,GLU,176,CA,9.129903875482706,-2.5,48.69088372093024,34.03758139534882,0.9573488372093025,T1067_AlphaFold,HMDB0007134,GLU,176,CA,24.300952236938326,-2.1,-1.6701162790697675,-15.500697674418602,12.270651162790701
T1067_Target,HMDB0007136,TYR,57,CA,7.307884049807582,-2.8,53.55644444444445,36.37228888888889,0.19573333333333273,T1067_AlphaFold,HMDB0007136,TYR,57,CA,34.47402288160581,-2.6,16.628088888888882,0.3847111111111111,-11.170288888888885
T1067_Target,HMDB0007137,GLU,54,CA,5.088686345750936,-2.7,67.1622888888889,41.795533333333324,0.34484444444444484,T1067_AlphaFold,HMDB0007137,GLU,54,CA,37.5266079386643,-1.6,3.5777555555555547,-24.43771111111111,-13.092288888888886
T1067_Target,HMDB0007138,TYR,76,CA,8.965514764424356,-1.7,49.26195555555557,41.64362222222223,23.407155555555555,T1067_AlphaFold,HMDB0007138,TYR,76,CA,12.059135068363611,-2.0,-14.81328888888889,-17.252444444444446,-13.035777777777778
T1067_Target,HMDB0007139,THR,177,CA,7.042193474924676,-2.5,54.29426666666665,37.09142222222222,-1.3350000000000004,T1067_AlphaFold,HMDB0007139,THR,177,CA,30.303482229678558,-2.0,-11.04711111111111,-23.33942222222222,-7.698822222222223
T1067_Target,HMDB0007140,LYS,242,CA,7.457379323417394,-2.2,52.22544444444444,43.56197777777777,5.107555555555556,T1067_AlphaFold,HMDB0007140,LYS,242,CA,7.889529856433496,-3.2,-12.116933333333334,-16.187866666666665,10.291
T1067_Target,HMDB0007141,GLN,79,CA,5.9872068992411664,-2.6,45.72742222222222,26.659,23.508822222222225,T1067_AlphaFold,HMDB0007141,GLN,79,CA,17.993767719689043,-3.5,-15.451733333333335,-1.8655333333333337,1.642711111111111
T1067_Target,HMDB0007142,GLU,54,CA,7.21318539497094,-2.2,69.80455555555554,43.249511111111104,1.3822888888888893,T1067_AlphaFold,HMDB0007142,GLU,54,CA,20.77908592486894,-2.3,-8.77926666666667,20.15226666666667,10.239555555555555
T1067_Target,HMDB0007144,VAL,53,CA,2.210283706126049,-3.1,70.708,39.526106382978725,-2.7388297872340424,T1067_AlphaFold,HMDB0007144,VAL,53,CA,17.987646605421713,-2.9,10.228106382978725,-6.735872340425532,10.643234042553189
T1067_Target,HMDB0007145,ASP,244,CA,3.1772123772683374,-2.8,44.00093617021275,42.29774468085106,8.57968085106383,T1067_AlphaFold,HMDB0007145,ASP,244,CA,48.51669112020634,-1.9,2.504638297872341,24.484851063829794,-6.994191489361704
T1067_Target,HMDB0007146,THR,110,CA,7.309235921025383,-1.8,72.41246808510638,12.783787234042554,18.29468085106383,T1067_AlphaFold,HMDB0007146,THR,110,CA,28.074723872989214,-2.9,-13.698063829787234,-18.96597872340426,-10.457553191489362
T1067_Target,HMDB0007147,TYR,121,CA,6.166218555658184,-2.7,76.3828936170213,26.137489361702126,-17.36606382978723,T1067_AlphaFold,HMDB0007147,TYR,121,CA,46.06360669806919,-2.9,-16.156255319148936,-19.53717021276595,-7.7790638297872325
T1067_Target,HMDB0007148,GLU,120,CA,7.446380808295115,-3.1,73.09431914893617,17.898446808510634,-9.922425531914893,T1067_AlphaFold,HMDB0007148,GLU,120,CA,27.523520830898928,-2.5,-8.234531914893617,13.423170212765953,-14.338000000000001
T1067_Target,HMDB0007149,ALA,198,CA,8.0669803523924,-2.1,74.16223404255321,7.870340425531912,11.904510638297873,T1067_AlphaFold,HMDB0007149,ALA,198,CA,23.952885861700814,-2.5,12.23021276595745,-11.429340425531914,9.654468085106384
T1067_Target,HMDB0007153,GLY,201,CA,6.772268028280991,-2.5,76.36451219512196,12.202219512195125,12.34509756097561,T1067_AlphaFold,HMDB0007153,GLY,201,CA,32.41067546838654,-3.0,-10.806585365853659,-17.297243902439025,-13.792707317073168
T1067_Target,HMDB0007154,LYS,242,CA,3.4551909137479195,-3.2,52.58587804878049,43.27351219512195,10.544439024390243,T1067_AlphaFold,HMDB0007154,LYS,242,CA,26.542468558311356,-2.4,8.33412195121951,-10.19892682926829,12.229951219512197
T1067_Target,HMDB0007156,LYS,152,CA,6.984669830407539,-2.0,48.28579069767442,30.632837209302327,-0.5151860465116279,T1067_AlphaFold,HMDB0007156,LYS,152,CA,17.069785433502336,-2.2,-17.301186046511628,-14.339093023255815,-13.263069767441857
T1067_Target,HMDB0007157,TYR,251,CA,4.434983703157071,-2.9,39.62323255813953,37.257976744186045,12.749790697674419,T1067_AlphaFold,HMDB0007157,TYR,251,CA,42.9100472261479,-1.6,8.757069767441859,17.981395348837207,-15.043697674418603
T1067_Target,HMDB0007158,SER,56,CA,5.469441497657339,-2.4,66.26017777777776,42.95464444444445,-2.195777777777778,T1067_AlphaFold,HMDB0007158,SER,56,CA,14.103595113513649,-2.7,-14.267111111111117,-15.667022222222226,10.700844444444444
T1067_Target,HMDB0007159,ALA,89,CA,6.389744875217646,-3.0,76.36577777777775,32.770044444444444,7.737088888888889,T1067_AlphaFold,HMDB0007159,ALA,89,CA,31.503284598503708,-2.0,4.065044444444445,25.77391111111111,-2.7818
T1067_Target,HMDB0007160,THR,177,CA,4.761788767332236,-2.2,53.133111111111106,33.89631111111112,-4.949,T1067_AlphaFold,HMDB0007160,THR,177,CA,19.716176488393526,-2.2,-3.1625777777777784,4.845644444444447,22.523488888888895
T1067_Target,HMDB0007161,ASN,214,CA,7.256261702645793,-2.1,69.7626,7.610622222222222,12.976288888888888,T1067_AlphaFold,HMDB0007161,ASN,214,CA,35.33276176872439,-3.1,-17.78391111111111,-19.94784444444444,-5.877133333333335
T1067_Target,HMDB0007162,THR,110,CA,5.7804931901595955,-2.1,69.30235555555555,11.293977777777778,17.50271111111111,T1067_AlphaFold,HMDB0007162,THR,110,CA,28.68292255934156,-2.6,2.0073555555555544,22.588955555555554,-3.749288888888889
T1067_Target,HMDB0007163,SER,206,CA,4.7056283577209665,-4.4,65.42006666666666,20.696888888888882,-8.189955555555555,T1067_AlphaFold,HMDB0007163,SER,206,CA,20.68223044573216,-2.9,-14.551644444444442,-1.7643777777777783,7.224688888888888
T1067_Target,HMDB0007164,TYR,57,CA,5.832678049543768,-3.2,57.87762222222221,37.475888888888896,-2.439688888888889,T1067_AlphaFold,HMDB0007164,TYR,57,CA,23.3681711040815,-3.4,0.33962222222222216,14.202444444444446,0.5201777777777777
T1067_Target,HMDB0007165,LYS,165,CA,5.1727552506137595,-3.8,66.77859574468083,18.253170212765955,-11.477659574468083,T1067_AlphaFold,HMDB0007165,LYS,165,CA,12.397620997528934,-1.7,-10.966595744680852,20.20489361702128,3.818425531914893
T1067_Target,HMDB0007166,SER,190,CA,8.346083498404266,-2.1,75.57917021276596,16.729021276595752,-8.718340425531915,T1067_AlphaFold,HMDB0007166,SER,190,CA,48.103321642230114,-3.1,-19.259851063829785,-19.728978723404254,3.629404255319149
T1067_Target,HMDB0007167,ALA,136,CA,5.778389995434631,-2.9,61.629617021276594,35.22110638297872,-9.534808510638296,T1067_AlphaFold,HMDB0007167,ALA,136,CA,22.68795804170813,-3.3,2.9433829787234043,14.883978723404256,-16.70261702127659
T1067_Target,HMDB0007168,PRO,60,CA,5.151953878696989,-2.4,70.30740425531914,41.195553191489374,5.2958510638297875,T1067_AlphaFold,HMDB0007168,PRO,60,CA,30.51503715235634,-2.6,-20.788361702127656,-14.356914893617025,-10.44612765957447
T1067_Target,HMDB0007169,ASP,55,CA,5.677257198575538,-3.4,59.60531914893617,36.86338297872341,-5.117829787234044,T1067_AlphaFold,HMDB0007169,ASP,55,CA,31.76488203256513,-2.0,5.23236170212766,23.770999999999987,-4.3478297872340415
T1067_Target,HMDB0007170,MET,52,CA,7.259242625487826,-2.8,77.39923404255319,35.364446808510635,-1.4269148936170208,T1067_AlphaFold,HMDB0007170,MET,52,CA,38.26523228177362,-2.5,-1.9362127659574473,0.7514893617021277,-22.095319148936177
T1067_Target,HMDB0007171,GLN,79,CA,6.368132892918784,-2.3,43.13482978723404,26.11885106382979,20.496255319148936,T1067_AlphaFold,HMDB0007171,GLN,79,CA,35.87223038198966,-2.0,3.4277446808510637,1.542723404255319,20.158893617021274
T1067_Target,HMDB0007172,SER,206,CA,5.953898045040572,-4.6,66.91804255319148,20.61027659574468,-10.062744680851067,T1067_AlphaFold,HMDB0007172,SER,206,CA,34.861911127773254,-3.2,-8.70055319148936,-23.19412765957447,-1.8966595744680852
T1067_Target,HMDB0007176,SER,56,CA,5.394300400738813,-3.0,58.02181632653063,38.610693877551014,-2.1826326530612263,T1067_AlphaFold,HMDB0007176,SER,56,CA,35.0674230807863,-3.1,11.804326530612245,-4.188612244897958,-13.753673469387756
T1067_Target,HMDB0007179,LYS,152,CA,8.069259248225768,-2.6,48.30363265306121,32.64616326530612,1.320979591836735,T1067_AlphaFold,HMDB0007179,LYS,152,CA,19.706668654402094,-2.4,-18.423326530612247,-10.100979591836735,10.060979591836736
T1067_Target,HMDB0007182,VAL,249,CA,7.978883391260116,-2.2,46.172975609756094,39.994121951219505,23.102097560975604,T1067_AlphaFold,HMDB0007182,VAL,249,CA,29.914759288960997,-2.9,-7.172707317073171,0.4757804878048782,-20.222365853658534
T1067_Target,HMDB0007183,THR,236,CA,8.411572574182065,-2.6,51.254195121951206,36.65009756097561,2.3945853658536587,T1067_AlphaFold,HMDB0007183,THR,236,CA,9.246270005900255,-3.0,-15.437048780487805,-11.495585365853659,10.936487804878047
T1067_Target,HMDB0007185,LYS,134,CA,3.218102644763469,-3.2,57.58816279069768,28.36876744186046,-13.07260465116279,T1067_AlphaFold,HMDB0007185,LYS,134,CA,24.687643028230656,-2.9,-14.598697674418608,1.461325581395349,2.8263720930232563
T1067_Target,HMDB0007186,GLY,62,CA,5.03944650988717,-2.0,74.49118604651161,34.60344186046512,16.51441860465117,T1067_AlphaFold,HMDB0007186,GLY,62,CA,17.360148241379814,-2.2,-12.622953488372099,-15.48911627906977,11.729395348837208
T1067_Target,HMDB0007187,VAL,125,CA,4.034341200062098,-3.0,62.85604444444442,17.865222222222226,-18.625977777777774,T1067_AlphaFold,HMDB0007187,VAL,125,CA,27.73801963784779,-2.2,12.073155555555553,2.648222222222222,12.38397777777778
T1067_Target,HMDB0007188,LYS,165,CA,5.017737902114958,-2.6,64.5699777777778,11.607822222222227,-15.107333333333335,T1067_AlphaFold,HMDB0007188,LYS,165,CA,38.12853588230082,-2.9,-23.91228888888889,-14.1624,-2.1172
T1067_Target,HMDB0007189,THR,177,CA,5.230830030681227,-2.8,56.908000000000015,30.91637777777778,-9.10097777777778,T1067_AlphaFold,HMDB0007189,THR,177,CA,5.435976448181612,-3.3,-12.357688888888891,1.9964888888888888,9.096177777777777
T1067_Target,HMDB0007190,TYR,264,CA,4.062333545155884,-2.4,76.43031111111111,31.412000000000003,15.42715555555556,T1067_AlphaFold,HMDB0007190,TYR,264,CA,23.407573465414252,-3.8,-9.590177777777777,6.2162,8.084022222222222
T1067_Target,HMDB0007191,GLY,162,CA,5.334959153163782,-3.2,53.739977777777774,22.966911111111116,-12.415044444444447,T1067_AlphaFold,HMDB0007191,GLY,162,CA,11.9354343326143,-4.2,2.058688888888889,16.63104444444444,1.987622222222222
T1067_Target,HMDB0007192,THR,177,CA,5.102192096358993,-3.3,57.91897777777778,35.96928888888889,-3.975644444444443,T1067_AlphaFold,HMDB0007192,THR,177,CA,24.310321019651685,-3.0,-0.8660888888888885,19.648955555555556,-11.596155555555553
T1067_Target,HMDB0007193,ASN,66,CA,5.654025261028252,-3.5,59.561133333333345,37.120266666666666,21.14008888888889,T1067_AlphaFold,HMDB0007193,ASN,66,CA,25.862110152904922,-2.8,-23.96688888888889,-11.974666666666664,1.0472444444444442
T1067_Target,HMDB0007194,ALA,225,CA,5.703957738474202,-1.8,46.18168085106383,15.17768085106383,19.2086170212766,T1067_AlphaFold,HMDB0007194,ALA,225,CA,34.46443369008901,-1.4,4.310148936170214,-15.402255319148935,12.869957446808511
T1067_Target,HMDB0007195,ALA,222,CA,5.275642841419598,-2.9,49.76797872340425,11.205978723404254,16.48746808510638,T1067_AlphaFold,HMDB0007195,ALA,222,CA,17.793871180024293,-2.2,-10.6151914893617,-21.056170212765956,-10.571872340425534
T1067_Target,HMDB0007196,SER,206,CA,4.064250450378798,-4.3,67.2352765957447,18.852404255319147,-6.714191489361702,T1067_AlphaFold,HMDB0007196,SER,206,CA,17.25551125759471,-2.1,5.905148936170212,3.0888936170212755,19.27793617021276
T1067_Target,HMDB0007197,GLY,162,CA,6.153093379108465,-2.9,55.110102040816344,23.72804081632654,-9.390448979591838,T1067_AlphaFold,HMDB0007197,GLY,162,CA,16.46525578880431,-2.4,4.035040816326531,26.449326530612247,-2.5887959183673477
T1067_Target,HMDB0007198,GLU,74,CA,3.652601580830339,-2.2,50.92204255319148,35.689382978723394,26.841425531914883,T1067_AlphaFold,HMDB0007198,GLU,74,CA,47.49462511288409,-1.8,9.085361702127656,20.62272340425532,-10.39704255319149
T1067_Target,HMDB0007199,ARG,49,CA,7.895125515693603,-2.3,78.90595744680853,34.59482978723403,-1.998510638297872,T1067_AlphaFold,HMDB0007199,ARG,49,CA,30.486515771923248,-2.0,-8.816255319148935,27.272276595744685,0.037936170212765796
T1067_Target,HMDB0007200,LYS,134,CA,6.284476874689054,-2.3,58.604042553191505,33.37731914893617,-10.11068085106383,T1067_AlphaFold,HMDB0007200,LYS,134,CA,40.96435224699451,-2.1,7.07236170212766,-15.922765957446808,8.342021276595744
T1067_Target,HMDB0007201,THR,177,CA,4.546367472362171,-3.3,56.33238297872341,35.50814893617021,-3.4452978723404257,T1067_AlphaFold,HMDB0007201,THR,177,CA,22.110637634657582,-3.0,-14.87244680851064,-16.786659574468086,9.295382978723406
T1067_Target,HMDB0007206,GLU,117,CA,6.87406230867095,-3.3,76.68671428571432,32.844510204081644,-0.30546938775510196,T1067_AlphaFold,HMDB0007206,GLU,117,CA,31.010522909858466,-3.0,-7.478714285714288,4.026428571428572,-18.353857142857137
T1067_Target,HMDB0007207,ALA,136,CA,6.942640241785808,-2.5,62.30467346938776,38.21928571428571,-8.894306122448981,T1067_AlphaFold,HMDB0007207,ALA,136,CA,11.28889260873397,-2.5,7.725755102040816,21.18071428571428,0.4961632653061225
T1067_Target,HMDB0007208,THR,81,CA,4.970739294983404,-3.2,47.12336734693878,23.155020408163267,21.665591836734684,T1067_AlphaFold,HMDB0007208,THR,81,CA,41.39831443987453,-2.3,3.3874897959183667,26.455306122448984,-3.321918367346939
T1067_Target,HMDB0007211,GLU,54,CA,7.2061606676589065,-1.6,70.87748780487806,42.454804878048776,1.969780487804878,T1067_AlphaFold,HMDB0007211,GLU,54,CA,18.363778908836043,-3.0,-12.779585365853656,7.436414634146341,-0.31392682926829246
T1067_Target,HMDB0007212,GLY,73,CA,5.017570405064583,-3.1,49.185609756097556,26.86451219512195,24.805195121951215,T1067_AlphaFold,HMDB0007212,GLY,73,CA,43.65126608888908,-3.8,2.20619512195122,19.464292682926825,-0.8691219512195122
T1067_Target,HMDB0007214,THR,177,CA,1.9228842273412314,-3.4,55.020651162790706,30.97086046511628,-4.696488372093023,T1067_AlphaFold,HMDB0007214,THR,177,CA,24.136675599201126,-2.8,4.547558139534883,22.215325581395355,-0.5556511627906974
T1067_Target,HMDB0007215,GLU,163,CA,6.344559935574355,-2.6,55.014999999999986,23.8893488372093,-14.297162790697678,T1067_AlphaFold,HMDB0007215,GLU,163,CA,22.402050067158267,-2.2,7.626674418604651,23.096837209302322,15.327558139534887
T1067_Target,HMDB0007216,GLN,79,CA,6.365689823839466,-2.9,43.791155555555555,24.858222222222224,19.185244444444447,T1067_AlphaFold,HMDB0007216,GLN,79,CA,42.45887738171553,-2.6,4.67171111111111,22.45968888888888,0.4230444444444445
T1067_Target,HMDB0007217,ALA,198,CA,7.178417007827812,-2.4,73.24562222222222,8.438799999999999,10.968666666666666,T1067_AlphaFold,HMDB0007217,ALA,198,CA,42.11340244237671,-2.1,-15.772066666666667,-15.442111111111114,11.101111111111111
T1067_Target,HMDB0007218,TYR,57,CA,6.732416613393465,-2.5,53.565622222222224,40.216888888888896,2.2008888888888887,T1067_AlphaFold,HMDB0007218,TYR,57,CA,35.12498724751756,-2.1,3.383333333333333,23.700622222222222,-6.047466666666667
T1067_Target,HMDB0007219,THR,177,CA,7.578859760031346,-2.1,51.34008888888888,34.90304444444445,-0.285911111111111,T1067_AlphaFold,HMDB0007219,THR,177,CA,30.28494519915061,-1.7,-19.52873333333333,-23.608600000000003,-3.1895333333333333
T1067_Target,HMDB0007220,THR,110,CA,4.908043290833056,-2.8,68.95215555555555,11.512666666666663,16.49537777777778,T1067_AlphaFold,HMDB0007220,THR,110,CA,26.87938924401665,-2.3,5.2356444444444445,21.808977777777777,-8.195066666666667
T1067_Target,HMDB0007221,LYS,134,CA,5.275816310180398,-3.4,57.83424444444443,27.62911111111112,-10.086333333333332,T1067_AlphaFold,HMDB0007221,LYS,134,CA,44.07041099581162,-2.4,8.9144,-18.80555555555556,-8.493266666666669
T1067_Target,HMDB0007222,ARG,178,CA,5.343114701841712,-2.9,58.649911111111116,30.34211111111112,-9.086088888888888,T1067_AlphaFold,HMDB0007222,ARG,178,CA,24.76048505939042,-2.9,-17.89888888888889,-16.38857777777777,9.170088888888888
T1067_Target,HMDB0007223,ALA,69,CA,7.422823696281315,-2.1,60.526553191489356,39.14259574468087,24.358829787234036,T1067_AlphaFold,HMDB0007223,ALA,69,CA,25.456447487485647,-2.6,-24.250936170212764,-13.914063829787237,-5.264808510638299
T1067_Target,HMDB0007224,LYS,134,CA,7.780897904373229,-2.5,54.00482978723405,26.97270212765957,-10.57231914893617,T1067_AlphaFold,HMDB0007224,LYS,134,CA,43.573404653527426,-2.1,-15.62559574468085,-16.79312765957447,-12.86348936170213
T1067_Target,HMDB0007225,VAL,125,CA,5.072635528060664,-1.8,60.05482978723403,16.82189361702127,-18.570893617021284,T1067_AlphaFold,HMDB0007225,VAL,125,CA,15.488610883500757,-1.4,-12.420000000000003,21.77891489361702,4.939446808510638
T1067_Target,HMDB0007226,ILE,122,CA,6.699249623223478,-2.2,70.884,19.690659574468082,-19.7278085106383,T1067_AlphaFold,HMDB0007226,ILE,122,CA,29.041782889652065,-2.6,-16.827957446808508,-0.9851489361702133,1.8567872340425535
T1067_Target,HMDB0007227,SER,206,CA,7.3925494614247,-3.3,71.0469574468085,17.768042553191492,-9.352063829787234,T1067_AlphaFold,HMDB0007227,SER,206,CA,33.81749887998092,-2.3,-21.905361702127664,-13.27808510638298,9.536617021276598
T1067_Target,HMDB0007228,THR,177,CA,4.861993869406626,-3.2,56.761021276595756,35.82021276595745,-4.523999999999999,T1067_AlphaFold,HMDB0007228,THR,177,CA,24.538394112127282,-3.4,4.492808510638298,23.140787234042563,0.9173404255319147
T1067_Target,HMDB0007229,GLY,201,CA,5.949951901308615,-2.6,75.45374468085106,13.957553191489358,13.211255319148943,T1067_AlphaFold,HMDB0007229,GLY,201,CA,35.63291074738238,-2.8,-14.37129787234042,-21.605021276595746,-6.099170212765958
T1067_Target,HMDB0007230,THR,238,CA,4.502689320684444,-3.2,61.11359574468085,41.25712765957447,15.963212765957445,T1067_AlphaFold,HMDB0007230,THR,238,CA,30.328638043782394,-3.5,-5.66659574468085,-0.261936170212766,-19.704617021276594
T1067_Target,HMDB0007235,TYR,121,CA,5.12979284268994,-2.2,73.59869387755101,23.474020408163273,-18.440673469387757,T1067_AlphaFold,HMDB0007235,TYR,121,CA,33.45415491167941,-2.1,-2.4338571428571427,-16.253755102040817,13.039755102040816
T1067_Target,HMDB0007236,TYR,57,CA,5.733753977591986,-2.5,56.20014285714285,39.283387755102034,-1.2931224489795923,T1067_AlphaFold,HMDB0007236,TYR,57,CA,11.494766619628841,-1.8,-18.13822448979592,2.3025510204081634,6.283142857142858
T1067_Target,HMDB0007237,LYS,165,CA,5.452824008573126,-2.5,64.18195918367348,12.85526530612245,-16.447326530612244,T1067_AlphaFold,HMDB0007237,LYS,165,CA,40.487572533162215,-2.7,-21.869653061224486,-15.474285714285712,8.384448979591834
T1067_Target,HMDB0007240,THR,177,CA,4.492661079168838,-3.7,58.598609756097574,35.07902439024391,-4.2901707317073186,T1067_AlphaFold,HMDB0007240,THR,177,CA,24.371449087805594,-1.9,12.27436585365853,5.998292682926829,11.525926829268293
T1067_Target,HMDB0007241,ALA,204,CA,4.839812084357984,-3.4,76.74873170731706,18.472658536585364,-2.600487804878048,T1067_AlphaFold,HMDB0007241,ALA,204,CA,37.02098593826434,-3.0,-16.692,-13.395048780487805,-13.920097560975611
T1067_Target,HMDB0007243,LYS,152,CA,7.889894664861298,-2.2,46.49174418604651,31.46586046511628,0.5986046511627907,T1067_AlphaFold,HMDB0007243,LYS,152,CA,30.370993447357762,-1.4,8.074488372093024,-17.603767441860462,9.468581395348837
T1067_Target,HMDB0007244,SER,206,CA,6.427322282666157,-4.7,68.49013953488372,18.150069767441863,-9.362837209302327,T1067_AlphaFold,HMDB0007244,SER,206,CA,18.02982634324441,-2.1,-9.375162790697674,6.346348837209303,16.803651162790697
T1067_Target,HMDB0007245,GLY,162,CA,7.648170546454512,-1.9,53.29568888888889,25.31553333333333,-11.851244444444445,T1067_AlphaFold,HMDB0007245,GLY,162,CA,27.50014452083237,-2.4,-23.27111111111111,-7.46208888888889,-3.002955555555555
T1067_Target,HMDB0007246,GLN,215,CA,4.43309568095966,-3.1,63.6062,9.15028888888889,15.001355555555552,T1067_AlphaFold,HMDB0007246,GLN,215,CA,29.02208574745009,-2.4,5.696733333333333,24.905600000000003,-0.058888888888888505
T1067_Target,HMDB0007247,TYR,57,CA,6.760546870055875,-2.7,54.818488888888886,37.31775555555556,-1.268288888888889,T1067_AlphaFold,HMDB0007247,TYR,57,CA,8.44335376435948,-3.1,-15.087333333333332,-1.2050888888888889,4.741733333333335
T1067_Target,HMDB0007248,GLY,247,CA,3.8418459383896377,-3.1,47.701711111111116,45.573666666666675,17.00344444444444,T1067_AlphaFold,HMDB0007248,GLY,247,CA,17.003065492601,-2.8,-15.365111111111116,-4.942466666666666,7.068266666666668
T1067_Target,HMDB0007249,LYS,202,CA,4.050704852976311,-3.1,78.21155555555553,17.428977777777778,7.52868888888889,T1067_AlphaFold,HMDB0007249,LYS,202,CA,20.61448699785399,-2.3,8.490377777777777,-16.436666666666664,8.155444444444445
T1067_Target,HMDB0007250,LYS,134,CA,6.716278217349217,-2.5,55.40908888888888,26.668133333333333,-10.692422222222225,T1067_AlphaFold,HMDB0007250,LYS,134,CA,12.45673954448002,-3.7,-6.334933333333334,11.254688888888891,2.316333333333334
T1067_Target,HMDB0007252,LYS,152,CA,6.222253904266724,-2.2,46.5431914893617,25.494106382978728,-1.7784893617021276,T1067_AlphaFold,HMDB0007252,LYS,152,CA,21.547737481639153,-2.5,-17.9408085106383,-12.82055319148936,10.709851063829785
T1067_Target,HMDB0007253,THR,177,CA,5.65403817160741,-2.5,57.58312765957448,30.196999999999992,-9.40827659574468,T1067_AlphaFold,HMDB0007253,THR,177,CA,17.52151350385639,-2.6,-7.345085106382981,18.042936170212773,14.844170212765958
T1067_Target,HMDB0007254,GLU,163,CA,4.431287563133285,-3.8,57.21746808510638,23.214106382978727,-13.738787234042555,T1067_AlphaFold,HMDB0007254,GLU,163,CA,25.86622947106509,-2.8,12.168702127659573,2.7332765957446816,10.690765957446807
T1067_Target,HMDB0007255,ALA,124,CA,6.171666908840778,-2.5,70.58561702127659,22.8523829787234,-21.45772340425532,T1067_AlphaFold,HMDB0007255,ALA,124,CA,40.3903869480591,-2.0,17.02978723404255,-0.11768085106382968,-11.168914893617018
T1067_Target,HMDB0007256,VAL,53,CA,6.254697478588762,-2.9,74.10010638297874,39.177404255319146,0.22176595744680874,T1067_AlphaFold,HMDB0007256,VAL,53,CA,20.358716913587344,-2.6,-15.071489361702131,-12.377382978723405,10.394787234042553
T1067_Target,HMDB0007257,ASP,55,CA,7.400285300343675,-2.1,61.15563829787233,39.71151063829788,-7.76691489361702,T1067_AlphaFold,HMDB0007257,ASP,55,CA,17.981157379571485,-1.4,7.937425531914892,4.834042553191489,20.646808510638298
T1067_Target,HMDB0007258,GLU,176,CA,6.302157970749012,-2.3,49.36487234042553,26.08948936170213,-4.448787234042553,T1067_AlphaFold,HMDB0007258,GLU,176,CA,26.527457943707752,-2.1,-23.205446808510636,-17.44251063829788,-9.199489361702128
T1067_Target,HMDB0007262,VAL,154,CA,6.005277452087562,-2.9,44.85997959183675,16.13175510204082,1.9366938775510203,T1067_AlphaFold,HMDB0007262,VAL,154,CA,22.033149500904226,-2.1,4.723979591836736,20.597653061224488,-11.266367346938772
T1067_Target,HMDB0007263,LYS,165,CA,5.685046055821321,-2.1,60.06710204081634,12.035816326530615,-15.489979591836732,T1067_AlphaFold,HMDB0007263,LYS,165,CA,25.686668705322795,-2.6,11.501999999999999,6.920816326530613,12.673020408163262
T1067_Target,HMDB0007264,THR,110,CA,5.298111013555054,-3.2,67.55555102040817,10.273489795918367,15.652816326530612,T1067_AlphaFold,HMDB0007264,THR,110,CA,32.783956886352165,-3.0,-17.533428571428573,-11.649142857142857,8.167061224489796
T1067_Target,HMDB0007265,ASP,235,CA,7.5535636989394455,-3.2,52.506836734693884,40.39508163265305,3.368897959183673,T1067_AlphaFold,HMDB0007265,ASP,235,CA,11.251792172507207,-2.2,-21.424938775510203,-13.202959183673467,10.54683673469388
T1067_Target,HMDB0007269,TYR,149,CA,7.56022527858388,-3.5,51.132097560975616,33.03234146341464,2.399121951219512,T1067_AlphaFold,HMDB0007269,TYR,149,CA,32.77202658985355,-3.1,5.2833902439024385,24.651487804878055,2.178585365853659
T1067_Target,HMDB0007272,THR,177,CA,5.6877609457964935,-3.1,57.06646511627908,36.512720930232554,-2.499162790697674,T1067_AlphaFold,HMDB0007272,THR,177,CA,27.727471351083363,-2.6,-19.936232558139537,-19.57053488372093,-6.185627906976744
T1067_Target,HMDB0007273,GLY,135,CA,6.058503073545289,-2.7,60.40290697674421,34.039930232558135,-9.942116279069769,T1067_AlphaFold,HMDB0007273,GLY,135,CA,37.32806124557186,-3.0,-19.22455813953488,-11.2643488372093,9.490674418604652
T1067_Target,HMDB0007274,THR,110,CA,5.5469942931640865,-2.6,71.51344444444443,12.297400000000001,15.542555555555555,T1067_AlphaFold,HMDB0007274,THR,110,CA,27.791046631639748,-2.9,-15.037755555555547,2.802133333333333,1.0886000000000002
T1067_Target,HMDB0007275,GLY,156,CA,4.4043022713907485,-2.7,47.347955555555565,12.319955555555554,2.0957777777777773,T1067_AlphaFold,HMDB0007275,GLY,156,CA,22.726829337509805,-1.8,-10.852422222222222,18.979822222222225,2.5503555555555555
T1067_Target,HMDB0007276,GLU,117,CA,8.017738382417384,-2.6,77.47888888888889,32.67924444444445,1.8383111111111112,T1067_AlphaFold,HMDB0007276,GLU,117,CA,38.700849414655,-2.5,-19.77762222222222,-17.304844444444445,-9.707266666666666
T1067_Target,HMDB0007277,ASP,118,CA,7.0980842377310545,-2.9,77.77264444444447,33.28057777777778,-2.8499111111111115,T1067_AlphaFold,HMDB0007277,ASP,118,CA,24.370609663797605,-1.7,7.230311111111112,23.594511111111114,-6.775777777777777
T1067_Target,HMDB0007281,THR,177,CA,5.953822568523162,-3.2,53.99082978723405,35.478446808510625,-1.0887234042553193,T1067_AlphaFold,HMDB0007281,THR,177,CA,15.494216227653475,-4.2,-1.8077234042553194,16.36312765957447,0.7747659574468089
T1067_Target,HMDB0007282,TYR,264,CA,4.728258089927148,-2.3,75.7758085106383,31.545468085106382,16.895106382978724,T1067_AlphaFold,HMDB0007282,TYR,264,CA,26.331859925579415,-2.1,-17.94517021276596,-13.716382978723406,10.760085106382975
T1067_Target,HMDB0007283,ILE,122,CA,6.371328219896512,-3.7,69.55074468085105,19.237255319148932,-12.074531914893614,T1067_AlphaFold,HMDB0007283,ILE,122,CA,12.990353251523464,-2.9,7.741382978723403,18.228638297872344,0.6632127659574468
T1067_Target,HMDB0007284,ASP,55,CA,6.045784424225691,-2.3,60.78502127659576,39.10072340425531,-6.243595744680851,T1067_AlphaFold,HMDB0007284,ASP,55,CA,16.877844879054628,-4.1,-0.6438297872340423,13.093297872340424,4.288489361702128
T1067_Target,HMDB0007285,TYR,264,CA,4.434390521170954,-3.0,76.41138297872341,33.073638297872336,11.098319148936167,T1067_AlphaFold,HMDB0007285,TYR,264,CA,31.354204461294085,-2.6,-22.91289361702128,-14.859191489361699,10.144765957446806
T1067_Target,HMDB0007290,ALA,198,CA,7.815448297600181,-1.8,77.74367346938777,10.785999999999998,11.473836734693876,T1067_AlphaFold,HMDB0007290,ALA,198,CA,21.130242809624058,-3.9,-2.399571428571429,15.4129387755102,0.9781632653061227
T1067_Target,HMDB0007292,VAL,233,CA,8.823127320246932,-3.2,49.83781632653061,34.39226530612246,2.0551836734693874,T1067_AlphaFold,HMDB0007292,VAL,233,CA,8.37436725296585,-2.9,-19.456346938775507,-6.775102040816329,5.834040816326531
T1067_Target,HMDB0007298,GLY,179,CA,4.720010818179964,-3.5,59.11921951219513,25.358878048780493,-8.458365853658538,T1067_AlphaFold,HMDB0007298,GLY,179,CA,19.369258351830116,-2.0,-9.777487804878048,5.5024390243902435,-18.23375609756098
T1067_Target,HMDB0007301,GLU,163,CA,4.828926288865777,-3.1,60.4733953488372,18.37913953488372,-16.68979069767441,T1067_AlphaFold,HMDB0007301,GLU,163,CA,17.383148279686704,-2.0,-8.649906976744186,9.564837209302324,15.015906976744185
T1067_Target,HMDB0007302,SER,206,CA,6.361531431258703,-3.9,68.20951162790699,19.183930232558144,-9.988976744186049,T1067_AlphaFold,HMDB0007302,SER,206,CA,16.391750463443923,-2.7,4.111186046511628,25.195069767441865,-0.3674651162790694
T1067_Target,HMDB0007303,ALA,222,CA,6.806511141619298,-2.1,52.29653333333332,11.22022222222222,19.48462222222222,T1067_AlphaFold,HMDB0007303,ALA,222,CA,29.904487195324194,-2.9,-15.765755555555554,-12.741800000000001,10.413599999999999
T1067_Target,HMDB0007304,VAL,233,CA,8.295245362715583,-2.9,50.56222222222224,34.894000000000005,2.6385777777777775,T1067_AlphaFold,HMDB0007304,VAL,233,CA,27.753982718855298,-4.1,-1.1536888888888892,12.10817777777778,5.973911111111112
T1067_Target,HMDB0007305,ALA,136,CA,3.9025253800868582,-2.7,62.07144444444446,36.47015555555555,-12.091822222222223,T1067_AlphaFold,HMDB0007305,ALA,136,CA,10.869826503118679,-3.7,7.371911111111113,17.965466666666668,-0.09626666666666654
T1067_Target,HMDB0007306,LYS,152,CA,6.982209119798153,-3.5,46.818555555555555,30.917644444444438,1.680044444444445,T1067_AlphaFold,HMDB0007306,LYS,152,CA,28.05606956038718,-2.6,5.686533333333333,21.509955555555557,-1.7341555555555555
T1067_Target,HMDB0007310,ARG,178,CA,5.521045948734702,-3.1,58.3197659574468,29.798212765957445,-9.32172340425532,T1067_AlphaFold,HMDB0007310,ARG,178,CA,29.76500675158136,-2.5,-13.223127659574464,-18.903531914893616,-11.430489361702126
T1067_Target,HMDB0007311,GLN,79,CA,4.4223609214435555,-3.3,44.461617021276595,28.575106382978724,20.58106382978723,T1067_AlphaFold,HMDB0007311,GLN,79,CA,34.89272632992043,-3.7,-5.332319148936171,15.977021276595751,4.303191489361702
T1067_Target,HMDB0007312,THR,110,CA,5.923242466341785,-2.4,69.26957446808511,10.167808510638299,16.04076595744681,T1067_AlphaFold,HMDB0007312,THR,110,CA,26.623514431197385,-2.9,2.0734893617021277,-3.6693191489361694,17.596170212765955
T1067_Target,HMDB0007313,LYS,152,CA,8.061248170706238,-3.5,48.704808510638294,32.66887234042552,1.0766808510638297,T1067_AlphaFold,HMDB0007313,LYS,152,CA,37.21073059371776,-2.5,6.416468085106384,26.230787234042545,13.383106382978726
T1067_Target,HMDB0007314,THR,177,CA,7.611792370965408,-2.5,52.22755319148938,36.06093617021278,-0.4347446808510644,T1067_AlphaFold,HMDB0007314,THR,177,CA,27.053185551927463,-2.7,-22.119042553191495,-18.17272340425532,-5.42263829787234
T1067_Target,HMDB0007319,GLY,156,CA,4.783186626555195,-2.6,48.47528571428572,11.039918367346937,-2.5446938775510204,T1067_AlphaFold,HMDB0007319,GLY,156,CA,28.05795296373565,-2.7,-16.384918367346934,-18.10163265306123,-9.664836734693878
T1067_Target,HMDB0007321,TYR,111,CA,8.003964511990581,-2.0,73.27244897959186,9.001163265306124,12.259387755102043,T1067_AlphaFold,HMDB0007321,TYR,111,CA,32.07019389066618,-3.0,-8.910408163265306,22.111551020408157,1.158020408163265
T1067_Target,HMDB0007330,ARG,104,CA,4.664772788775809,-3.1,53.58699999999999,24.546232558139536,28.455023255813956,T1067_AlphaFold,HMDB0007330,ARG,104,CA,20.313400339855104,-1.9,3.021395348837209,-17.691488372093026,9.53674418604651
T1067_Target,HMDB0007332,ILE,122,CA,4.938177667275673,-3.3,70.48202222222221,20.118266666666667,-14.858844444444442,T1067_AlphaFold,HMDB0007332,ILE,122,CA,8.640264988220366,-2.8,-7.286222222222223,17.49328888888889,11.079977777777778
T1067_Target,HMDB0007333,SER,123,CA,4.7367362295306465,-3.3,68.50915555555557,20.45297777777778,-18.85948888888889,T1067_AlphaFold,HMDB0007333,SER,123,CA,37.55388463898276,-2.9,15.808400000000004,-1.6391555555555568,-10.322222222222223
T1067_Target,HMDB0007334,GLU,120,CA,7.921837495941131,-2.9,75.29695555555556,18.186511111111106,-9.432933333333335,T1067_AlphaFold,HMDB0007334,GLU,120,CA,42.9105687627042,-2.9,-21.347999999999992,-17.568777777777782,-4.590422222222222
T1067_Target,HMDB0007339,TYR,149,CA,8.66898485979303,-3.2,51.14393617021278,34.76459574468085,1.9627234042553192,T1067_AlphaFold,HMDB0007339,TYR,149,CA,31.397698377294795,-2.9,0.151723404255319,24.876851063829793,-3.1998723404255314
T1067_Target,HMDB0007340,SER,161,CA,4.33083938870678,-3.3,53.243829787234034,20.56117021276595,-8.444446808510637,T1067_AlphaFold,HMDB0007340,SER,161,CA,20.314191527301226,-2.8,-18.29772340425532,-1.7104042553191487,-2.3853829787234044
T1067_Target,HMDB0007341,GLN,79,CA,6.637573801243447,-2.6,45.721489361702126,32.29870212765957,23.969021276595747,T1067_AlphaFold,HMDB0007341,GLN,79,CA,16.065954519437774,-2.0,-25.73674468085107,-11.822851063829786,-6.530255319148934
T1067_Target,HMDB0007347,MET,52,CA,6.925878415382163,-2.6,77.05306122448981,35.742510204081626,-1.5532244897959184,T1067_AlphaFold,HMDB0007347,MET,52,CA,22.83041097883969,-2.7,-16.667530612244896,-9.673959183673471,10.328469387755103
T1067_Target,HMDB0007349,ARG,221,CA,7.700110607042149,-2.0,51.55606122448978,8.803653061224495,18.517693877551018,T1067_AlphaFold,HMDB0007349,ARG,221,CA,32.200732187202206,-3.0,-15.01583673469388,-11.110285714285713,10.902653061224488
T1067_Target,HMDB0007356,GLU,163,CA,2.834825685919869,-3.8,60.68351162790697,21.855558139534878,-12.183162790697677,T1067_AlphaFold,HMDB0007356,GLU,163,CA,18.875276040632077,-2.7,7.066674418604649,14.676046511627908,-13.784883720930232
T1067_Target,HMDB0007357,TYR,111,CA,6.560930352167472,-2.3,73.5066976744186,10.890790697674419,12.32420930232558,T1067_AlphaFold,HMDB0007357,TYR,111,CA,29.95496722600589,-3.0,-12.81013953488372,-19.44620930232558,-9.544511627906974
T1067_Target,HMDB0007359,ILE,122,CA,4.75830876024011,-4.4,66.6380888888889,20.36144444444444,-12.931911111111113,T1067_AlphaFold,HMDB0007359,ILE,122,CA,48.18761180927093,-2.6,-15.956088888888884,-22.379266666666666,-4.554155555555557
T1067_Target,HMDB0007360,ARG,61,CA,10.061816030719768,-1.8,77.42193333333333,35.54662222222221,2.6943333333333332,T1067_AlphaFold,HMDB0007360,ARG,61,CA,21.050580996808858,-1.8,-17.112422222222225,-15.757600000000005,12.34237777777778
T1067_Target,HMDB0007361,GLU,120,CA,7.448381818269576,-2.0,75.252,18.67917021276596,-12.628148936170218,T1067_AlphaFold,HMDB0007361,GLU,120,CA,8.19363736951677,-2.2,7.74295744680851,18.91568085106383,5.563510638297871
T1067_Target,HMDB0007362,LEU,106,CA,6.228519089150434,-2.0,63.6666170212766,16.028680851063832,26.37355319148937,T1067_AlphaFold,HMDB0007362,LEU,106,CA,27.986481906412653,-3.1,-20.262425531914893,-8.18755319148936,-0.7294255319148938
T1067_Target,HMDB0007363,THR,177,CA,8.581375129208247,-2.6,51.1415319148936,35.79193617021275,0.5032765957446809,T1067_AlphaFold,HMDB0007363,THR,177,CA,4.779624991208694,-2.5,-11.117638297872338,8.654212765957448,6.664553191489364
T1067_Target,HMDB0007364,LYS,152,CA,6.877247178895032,-2.1,47.49457446808511,27.671999999999997,-2.540936170212766,T1067_AlphaFold,HMDB0007364,LYS,152,CA,27.951770042411408,-1.9,4.340999999999999,-15.344276595744677,11.53595744680851
T1067_Target,HMDB0007365,ASN,214,CA,7.640891126757062,-2.3,70.19665957446806,7.937382978723407,12.859765957446808,T1067_AlphaFold,HMDB0007365,ASN,214,CA,34.441276239846644,-2.6,-5.327914893617021,-18.86302127659575,8.237021276595744
T1067_Target,HMDB0007366,TYR,57,CA,4.346057543778537,-3.6,56.748829787234044,37.86259574468085,0.09878723404255313,T1067_AlphaFold,HMDB0007366,TYR,57,CA,15.324823047016338,-3.4,-6.636574468085104,10.61812765957447,11.362765957446802
T1067_Target,HMDB0007367,ARG,61,CA,6.7265951159057495,-2.6,75.33157446808508,37.53374468085107,5.699106382978722,T1067_AlphaFold,HMDB0007367,ARG,61,CA,20.19124016358565,-1.8,-10.81359574468085,7.021659574468086,12.107978723404257
T1067_Target,HMDB0007373,LYS,134,CA,5.287141593950905,-2.8,57.09753061224489,28.864959183673474,-10.308367346938773,T1067_AlphaFold,HMDB0007373,LYS,134,CA,45.28176277641042,-2.3,-19.11181632653061,-18.486183673469384,-8.694897959183674
T1067_Target,HMDB0007374,GLY,162,CA,7.703886227255635,-1.3,48.9504081632653,21.145897959183674,-9.380734693877551,T1067_AlphaFold,HMDB0007374,GLY,162,CA,13.041812927857507,-1.9,-13.955469387755103,6.4227551020408145,-11.414959183673469
T1067_Target,HMDB0007385,ARG,116,CA,6.735059118435871,-2.4,79.69718604651162,24.817720930232554,-1.9404651162790705,T1067_AlphaFold,HMDB0007385,ARG,116,CA,21.704916627404867,-2.6,-13.79737209302326,4.613069767441859,1.932720930232558
T1067_Target,HMDB0007386,THR,177,CA,4.2278356576736,-3.7,55.717116279069764,28.00504651162791,-6.66753488372093,T1067_AlphaFold,HMDB0007386,THR,177,CA,20.75149655859328,-3.0,-21.903604651162794,-13.213162790697673,4.895488372093023
T1067_Target,HMDB0007388,GLN,240,CA,6.006835982322013,-3.3,58.6045111111111,37.5701111111111,20.340022222222224,T1067_AlphaFold,HMDB0007388,GLN,240,CA,20.3618773516577,-2.2,-23.41264444444445,-11.353666666666665,-10.455155555555557
T1067_Target,HMDB0007389,GLY,162,CA,7.363059701268513,-2.3,53.486755555555554,25.077422222222214,-11.801755555555557,T1067_AlphaFold,HMDB0007389,GLY,162,CA,35.58802682636499,-3.2,-11.339844444444442,-17.848222222222223,7.965622222222221
T1067_Target,HMDB0007390,LYS,165,CA,5.404490996494543,-3.7,66.74182978723404,18.608425531914893,-11.653617021276593,T1067_AlphaFold,HMDB0007390,LYS,165,CA,37.8380953242119,-1.7,-18.19121276595745,-11.827914893617022,12.879659574468086
T1067_Target,HMDB0007391,ALA,124,CA,5.406321489640034,-2.2,68.45065957446809,19.649234042553186,-21.285468085106388,T1067_AlphaFold,HMDB0007391,ALA,124,CA,31.385503831237227,-3.1,-13.803382978723402,-4.078361702127659,10.152872340425537
T1067_Target,HMDB0007392,ASP,235,CA,6.117573713555687,-3.0,51.60470212765959,39.98719148936169,5.498808510638296,T1067_AlphaFold,HMDB0007392,ASP,235,CA,20.38891664926875,-1.9,-21.83229787234042,-16.115340425531926,-11.365893617021277
T1067_Target,HMDB0007393,THR,177,CA,5.850479955509927,-2.8,56.53734042553193,30.17755319148936,-9.660893617021276,T1067_AlphaFold,HMDB0007393,THR,177,CA,18.54792171951277,-2.1,-21.998446808510643,-10.225638297872345,7.265680851063829
T1067_Target,HMDB0007394,ILE,122,CA,3.3435226773673556,-4.3,67.83491489361701,21.16040425531914,-14.097,T1067_AlphaFold,HMDB0007394,ILE,122,CA,48.454503974133885,-2.4,-14.95023404255319,-22.966212765957444,-4.837212765957447
T1067_Target,HMDB0007395,LYS,152,CA,4.884952023888296,-3.7,50.036659574468075,28.52631914893617,-0.25319148936170205,T1067_AlphaFold,HMDB0007395,LYS,152,CA,30.693728732264095,-1.7,11.20417021276596,-8.135872340425532,13.214382978723402
T1067_Target,HMDB0007396,THR,236,CA,8.496137596670987,-2.6,51.65548936170213,35.61393617021276,1.8153404255319152,T1067_AlphaFold,HMDB0007396,THR,236,CA,21.784409686386656,-2.3,-18.309553191489357,-14.251276595744677,-13.132957446808513
T1067_Target,HMDB0007400,GLU,163,CA,4.055499412860703,-3.4,61.446734693877566,22.648734693877547,-11.176,T1067_AlphaFold,HMDB0007400,GLU,163,CA,16.85386393644164,-2.5,-5.700469387755103,22.245020408163263,15.052857142857137
T1067_Target,HMDB0007401,TYR,76,CA,8.916886254216617,-2.4,43.109530612244896,35.68551020408164,22.35410204081633,T1067_AlphaFold,HMDB0007401,TYR,76,CA,36.119546563703054,-2.4,-10.753428571428573,17.595102040816325,3.395653061224491
T1067_Target,HMDB0007404,ASN,103,CA,6.846085207326328,-1.9,46.76836734693879,17.393897959183676,21.67289795918367,T1067_AlphaFold,HMDB0007404,ASN,103,CA,36.18286826543448,-1.3,-12.956428571428571,16.13463265306122,-0.4635918367346939
T1067_Target,HMDB0007414,PHE,133,CA,6.807732507642991,-2.0,53.40076744186048,27.50853488372093,-12.467790697674419,T1067_AlphaFold,HMDB0007414,PHE,133,CA,25.219376445045313,-3.4,-5.59353488372093,8.519023255813954,-17.160116279069765
T1067_Target,HMDB0007415,GLU,54,CA,5.252248810287874,-3.2,71.05590697674418,39.205930232558146,2.004604651162791,T1067_AlphaFold,HMDB0007415,GLU,54,CA,15.028779769016253,-2.8,-13.68460465116279,4.077325581395349,3.333883720930233
T1067_Target,HMDB0007417,ARG,250,CA,4.256773780954564,-2.8,40.73037777777778,38.45997777777777,12.965111111111115,T1067_AlphaFold,HMDB0007417,ARG,250,CA,17.193745765363364,-2.1,-6.047066666666667,-21.616311111111106,5.887622222222224
T1067_Target,HMDB0007418,LEU,119,CA,4.624501095386888,-3.1,77.0748,30.25666666666666,-8.33508888888889,T1067_AlphaFold,HMDB0007418,LEU,119,CA,28.101565627471043,-2.6,-3.9355333333333338,17.44057777777778,-13.500311111111113
T1067_Target,HMDB0007419,GLY,62,CA,2.5762707197883588,-2.7,72.36453191489365,35.70627659574467,12.100808510638297,T1067_AlphaFold,HMDB0007419,GLY,62,CA,18.06406943471838,-2.4,7.536893617021276,4.792936170212765,17.69512765957447
T1067_Target,HMDB0007420,ASP,244,CA,5.383049148055005,-1.9,44.842744680851055,44.901999999999994,5.104744680851065,T1067_AlphaFold,HMDB0007420,ASP,244,CA,8.257050196141629,-2.4,-17.922659574468085,-14.324531914893617,10.130574468085106
T1067_Target,HMDB0007421,LYS,152,CA,6.729772288108736,-2.3,44.483446808510635,26.01125531914894,-0.08938297872340431,T1067_AlphaFold,HMDB0007421,LYS,152,CA,23.72845846533736,-2.6,-6.800106382978723,7.2368723404255295,16.428085106382976
T1067_Target,HMDB0007422,GLU,176,CA,7.54628991031971,-2.3,52.959765957446805,26.573191489361697,-9.327,T1067_AlphaFold,HMDB0007422,GLU,176,CA,29.279527157747243,-2.5,15.933659574468084,-1.0761063829787234,-10.433085106382975
T1067_Target,HMDB0007423,GLU,252,CA,7.1615551113530564,-2.5,46.32646808510639,32.615659574468076,2.736255319148936,T1067_AlphaFold,HMDB0007423,GLU,252,CA,10.931898550090065,-2.2,-16.665808510638296,-16.433808510638297,-12.55546808510638
T1067_Target,HMDB0007424,GLU,120,CA,6.0021202215103315,-4.3,67.88974468085105,20.778234042553184,-10.310765957446808,T1067_AlphaFold,HMDB0007424,GLU,120,CA,16.93433668740979,-2.8,4.906042553191489,19.44163829787234,-5.4221276595744685
T1067_Target,HMDB0007425,GLU,117,CA,6.046862254915623,-2.9,78.38825531914895,27.99531914893617,-0.2255106382978724,T1067_AlphaFold,HMDB0007425,GLU,117,CA,30.79229716924031,-1.7,-14.203063829787233,7.541957446808509,-13.77431914893617
T1067_Target,HMDB0007428,ASN,158,CA,7.079866933254201,-1.6,48.86236734693879,9.144857142857145,-8.176673469387755,T1067_AlphaFold,HMDB0007428,ASN,158,CA,29.904122299745186,-3.5,-19.836204081632655,-6.61030612244898,0.9395102040816325
T1067_Target,HMDB0007431,LEU,119,CA,3.3302675298677573,-3.2,76.28902040816327,27.31828571428571,-9.376938775510206,T1067_AlphaFold,HMDB0007431,LEU,119,CA,43.55197925849002,-2.3,-19.16816326530612,-18.359448979591843,-10.17795918367347
T1067_Target,HMDB0007432,LYS,134,CA,6.847043840460362,-2.4,54.93838775510204,28.937632653061225,-10.297081632653063,T1067_AlphaFold,HMDB0007432,LYS,134,CA,35.5384491153096,-2.6,-18.440795918367346,-8.06891836734694,7.324061224489796
T1067_Target,HMDB0007433,GLN,240,CA,5.351434976196249,-3.7,58.567877551020416,38.70828571428571,19.7030612244898,T1067_AlphaFold,HMDB0007433,GLN,240,CA,28.959299994480975,-2.7,14.124142857142859,-1.1709795918367354,9.61191836734694
T1067_Target,HMDB0007443,GLN,240,CA,7.00786435246752,-2.3,55.35913953488372,45.70125581395347,16.169,T1067_AlphaFold,HMDB0007443,GLN,240,CA,16.215195641037543,-2.2,-12.671604651162792,-19.098000000000003,-10.966558139534886
T1067_Target,HMDB0007444,GLU,117,CA,6.28086015258699,-2.9,78.02918604651165,28.60516279069767,1.0445581395348837,T1067_AlphaFold,HMDB0007444,GLU,117,CA,32.81869204190297,-2.6,-18.51137209302325,-17.868906976744185,9.227279069767444
T1067_Target,HMDB0007446,ASP,244,CA,6.311847813066204,-1.7,44.8156,42.95235555555556,4.437799999999999,T1067_AlphaFold,HMDB0007446,ASP,244,CA,16.707636441629887,-2.1,-15.6896,-0.38751111111111114,7.140666666666667
T1067_Target,HMDB0007447,THR,177,CA,2.915359247202117,-3.3,56.093111111111114,32.4184,-6.332888888888886,T1067_AlphaFold,HMDB0007447,THR,177,CA,27.171649370903282,-3.1,3.3437999999999994,27.4846,5.595955555555557
T1067_Target,HMDB0007448,ASP,235,CA,7.29002371281215,-3.3,50.800382978723405,39.19025531914893,4.365425531914895,T1067_AlphaFold,HMDB0007448,ASP,235,CA,35.607587604374004,-3.0,0.7456595744680853,20.013702127659577,19.313893617021275
T1067_Target,HMDB0007449,GLU,176,CA,5.334693862840776,-3.2,51.34568085106382,32.0324255319149,-1.4104468085106385,T1067_AlphaFold,HMDB0007449,GLU,176,CA,19.094867652069965,-2.8,-17.25244680851064,-11.60831914893617,9.816553191489362
T1067_Target,HMDB0007450,LYS,134,CA,5.647822196528792,-2.2,58.49376595744682,33.53706382978722,-11.380808510638298,T1067_AlphaFold,HMDB0007450,LYS,134,CA,41.78912350805289,-3.7,-10.042893617021278,-17.191255319148933,8.988510638297873
T1067_Target,HMDB0007451,TYR,111,CA,6.8005204782103705,-2.4,74.78576595744681,13.887404255319156,14.963638297872341,T1067_AlphaFold,HMDB0007451,TYR,111,CA,20.443248946331057,-2.7,8.314234042553192,15.597978723404255,-14.802851063829788
T1067_Target,HMDB0007452,ARG,63,CA,7.349732271094494,-1.7,68.6413829787234,36.431,22.037234042553198,T1067_AlphaFold,HMDB0007452,ARG,63,CA,26.64434456946618,-3.8,-12.644382978723405,6.776361702127661,-0.6447021276595747
T1067_Target,HMDB0007453,GLY,135,CA,6.367731271421792,-3.0,60.10738297872339,33.010914893617006,-9.178446808510643,T1067_AlphaFold,HMDB0007453,GLY,135,CA,8.290768297147986,-2.6,5.368361702127659,23.921468085106383,-1.7781063829787236
T1067_Target,HMDB0007456,LYS,253,CA,6.885862891891682,-1.3,40.33851020408163,28.897020408163268,1.9275102040816325,T1067_AlphaFold,HMDB0007456,LYS,253,CA,29.062907729292725,-3.5,-1.0874489795918376,13.16022448979592,2.6372040816326523
T1067_Target,HMDB0007458,TYR,111,CA,7.192766493851219,-2.4,73.09957142857144,10.209408163265305,13.511489795918365,T1067_AlphaFold,HMDB0007458,TYR,111,CA,29.376783015990643,-2.3,-9.075265306122446,9.371714285714287,12.906367346938774
T1067_Target,HMDB0007459,LYS,134,CA,3.9501474070840343,-2.4,60.137265306122444,33.099857142857154,-14.852346938775508,T1067_AlphaFold,HMDB0007459,LYS,134,CA,28.673401549146277,-2.2,9.203020408163265,1.5718571428571424,14.682897959183675
T1067_Target,HMDB0007460,ARG,49,CA,6.778470384983627,-2.2,78.95277551020409,36.350734693877556,-2.6030816326530606,T1067_AlphaFold,HMDB0007460,ARG,49,CA,17.326900643941812,-2.3,13.497530612244898,0.785734693877551,12.11495918367347
T1067_Target,HMDB0007461,THR,177,CA,5.644601470735713,-3.5,53.49369387755104,28.925693877551026,-7.983326530612246,T1067_AlphaFold,HMDB0007461,THR,177,CA,28.12900921528467,-3.1,1.33969387755102,6.697183673469388,-20.749428571428577
T1067_Target,HMDB0007472,GLN,79,CA,6.9711112161078335,-2.2,43.904651162790714,25.77058139534883,22.84418604651163,T1067_AlphaFold,HMDB0007472,GLN,79,CA,32.848320068709725,-1.8,10.33581395348837,-3.2845581395348846,14.193883720930234
T1067_Target,HMDB0007473,LYS,134,CA,4.245769178645295,-2.5,56.56727906976743,29.933116279069772,-12.744674418604653,T1067_AlphaFold,HMDB0007473,LYS,134,CA,27.14358292222303,-3.0,-13.537186046511627,0.5533953488372095,10.714883720930233
T1067_Target,HMDB0007475,TYR,159,CA,6.4487677043135685,-2.2,48.00506666666665,14.223644444444444,-5.228133333333332,T1067_AlphaFold,HMDB0007475,TYR,159,CA,31.38709551327593,-2.4,6.783511111111112,22.73093333333333,15.095777777777776
T1067_Target,HMDB0007476,ARG,153,CA,7.900144998419299,-1.9,42.04206666666666,21.929177777777777,2.0602666666666667,T1067_AlphaFold,HMDB0007476,ARG,153,CA,20.105933035343785,-2.4,-24.873022222222225,-11.218266666666665,-4.428511111111112
T1067_Target,HMDB0007477,GLU,120,CA,5.239902386185237,-3.4,75.37902127659575,23.00012765957446,-7.795000000000002,T1067_AlphaFold,HMDB0007477,GLU,120,CA,27.49631908996289,-2.3,17.651468085106384,2.2054042553191486,-9.925446808510637
T1067_Target,HMDB0007478,TYR,57,CA,6.490834874431375,-2.7,53.79529787234042,37.92842553191489,1.1417659574468086,T1067_AlphaFold,HMDB0007478,TYR,57,CA,28.331926320869083,-1.9,-18.89640425531915,-15.49678723404255,-13.90772340425532
T1067_Target,HMDB0007479,LYS,165,CA,5.898048795908166,-4.6,67.33857446808513,18.22285106382979,-9.48927659574468,T1067_AlphaFold,HMDB0007479,LYS,165,CA,37.31689622057745,-2.9,1.841787234042553,-16.401659574468088,8.93659574468085
T1067_Target,HMDB0007480,SER,190,CA,6.554867971449368,-2.7,73.78561702127661,15.755212765957452,-9.060872340425531,T1067_AlphaFold,HMDB0007480,SER,190,CA,24.894480534395782,-1.6,-12.70963829787234,12.079148936170213,-12.159659574468085
T1067_Target,HMDB0007481,GLY,162,CA,5.445447570835474,-3.5,55.76978723404252,22.899340425531914,-9.224021276595746,T1067_AlphaFold,HMDB0007481,GLY,162,CA,37.28652369714001,-3.0,-9.339425531914893,-21.59557446808511,-7.622276595744682
T1067_Target,HMDB0007482,THR,137,CA,7.410031500254701,-1.9,71.88055319148935,32.904723404255314,-22.621510638297877,T1067_AlphaFold,HMDB0007482,THR,137,CA,38.71940231453528,-2.2,-10.724808510638299,-17.406851063829794,12.018936170212765
T1067_Target,HMDB0007485,GLU,117,CA,7.379172991629867,-3.0,76.03377551020407,32.43710204081632,2.399571428571429,T1067_AlphaFold,HMDB0007485,GLU,117,CA,20.516404781081686,-2.8,5.2853469387755085,24.94724489795919,13.350040816326525
T1067_Target,HMDB0007487,GLU,54,CA,6.617960071826256,-2.5,68.24034693877552,42.28640816326531,2.8112040816326536,T1067_AlphaFold,HMDB0007487,GLU,54,CA,11.41561669515109,-2.4,2.5509795918367346,-9.01048979591837,15.381673469387751
T1067_Target,HMDB0007488,ILE,230,CA,3.9196347986794335,-3.5,41.0628775510204,28.34244897959184,16.697938775510206,T1067_AlphaFold,HMDB0007488,ILE,230,CA,17.60626930716116,-2.6,-9.386306122448982,-25.247755102040827,-1.7803877551020413
T1067_Target,HMDB0007489,GLU,163,CA,4.861834481682847,-4.5,60.427959183673494,23.675122448979586,-10.082020408163265,T1067_AlphaFold,HMDB0007489,GLU,163,CA,36.49809654106339,-2.5,-6.499367346938776,-18.145000000000003,10.692836734693879
T1067_Target,HMDB0007490,GLU,176,CA,4.4639506148752295,-3.0,50.921653061224504,30.14687755102042,-1.8964489795918362,T1067_AlphaFold,HMDB0007490,GLU,176,CA,26.00279927519706,-2.6,6.140183673469388,23.36248979591836,3.6375102040816323
T1067_Target,HMDB0007501,SER,190,CA,6.83412836635754,-3.0,73.1881860465116,16.40939534883721,-8.62581395348837,T1067_AlphaFold,HMDB0007501,SER,190,CA,20.327789072870917,-2.5,-10.117255813953486,20.015441860465117,-1.9190697674418606
T1067_Target,HMDB0007504,ALA,198,CA,7.917160632168299,-2.5,73.33866666666667,8.929933333333336,11.8636,T1067_AlphaFold,HMDB0007504,ALA,198,CA,33.6252641155353,-3.2,-15.474777777777778,-1.2471333333333334,3.5505111111111103
T1067_Target,HMDB0007505,GLY,254,CA,5.6915735249685895,-2.8,42.70900000000001,27.921911111111108,2.937266666666668,T1067_AlphaFold,HMDB0007505,GLY,254,CA,26.98288604971403,-4.7,-0.1489555555555555,13.885222222222223,2.612377777777778
T1067_Target,HMDB0007506,GLY,201,CA,5.531683231524096,-2.4,77.407,13.595851063829786,10.665893617021279,T1067_AlphaFold,HMDB0007506,GLY,201,CA,38.62997121969657,-3.0,-21.06344680851064,-16.606999999999996,-6.083148936170213
T1067_Target,HMDB0007507,SER,206,CA,5.275949530350776,-4.1,65.90440425531914,23.20172340425532,-9.188191489361705,T1067_AlphaFold,HMDB0007507,SER,206,CA,15.433016838339103,-2.3,-8.662212765957449,7.6984255319148955,14.104680851063835
T1067_Target,HMDB0007508,THR,177,CA,4.505688935112024,-3.6,55.35151063829787,34.61436170212765,-1.5765106382978722,T1067_AlphaFold,HMDB0007508,THR,177,CA,12.69711237616939,-4.4,-3.109595744680851,13.67221276595745,0.7288723404255318
T1067_Target,HMDB0007509,HIS,140,CA,4.870182641495201,-4.5,63.581744680851045,26.29372340425532,-8.449893617021276,T1067_AlphaFold,HMDB0007509,HIS,140,CA,5.772484485109373,-2.8,-7.194,10.686957446808513,11.356255319148937
T1067_Target,HMDB0007513,VAL,249,CA,2.342627558526429,-3.5,45.91320408163265,41.979510204081635,17.020673469387752,T1067_AlphaFold,HMDB0007513,VAL,249,CA,8.331626109999059,-2.3,-25.050591836734696,-14.714163265306116,-4.673122448979591
T1067_Target,HMDB0007515,TYR,251,CA,7.602834287421962,-2.2,38.22381632653062,35.626265306122455,17.341469387755097,T1067_AlphaFold,HMDB0007515,TYR,251,CA,24.105965427192697,-2.0,0.2332653061224491,-18.162857142857142,9.399673469387755
T1067_Target,HMDB0007516,TYR,111,CA,7.446111471710993,-2.2,73.18551020408162,10.896183673469391,15.161999999999999,T1067_AlphaFold,HMDB0007516,TYR,111,CA,19.670932343114732,-1.8,10.860326530612248,-2.194448979591837,14.67097959183674
T1067_Target,HMDB0007517,GLU,74,CA,4.989291240660497,-2.6,49.4671224489796,36.08287755102041,25.910816326530615,T1067_AlphaFold,HMDB0007517,GLU,74,CA,17.946696048889343,-1.9,-19.30261224489796,-19.00622448979592,-12.690183673469384
T1067_Target,HMDB0007530,GLN,79,CA,5.393166162852828,-3.2,45.62044186046512,24.930418604651152,20.570488372093028,T1067_AlphaFold,HMDB0007530,GLN,79,CA,11.896345643497042,-2.2,-20.48574418604651,-21.674116279069768,-4.237558139534883
T1067_Target,HMDB0007533,LYS,134,CA,5.793809299759118,-2.7,56.33040000000001,27.689266666666658,-10.577355555555556,T1067_AlphaFold,HMDB0007533,LYS,134,CA,43.213985500318394,-2.5,-24.835622222222224,-13.834711111111112,-5.848866666666668
T1067_Target,HMDB0007534,ALA,198,CA,4.458249483739024,-2.7,74.43328888888887,8.58591111111111,8.34911111111111,T1067_AlphaFold,HMDB0007534,ALA,198,CA,26.069113273729094,-3.6,-6.14511111111111,3.564822222222223,-18.72411111111111
T1067_Target,HMDB0007535,VAL,249,CA,7.8545202083856465,-2.0,45.13965957446807,41.15727659574468,22.98985106382979,T1067_AlphaFold,HMDB0007535,VAL,249,CA,11.498099914771482,-2.1,-17.602127659574467,-14.782872340425529,11.676978723404257
T1067_Target,HMDB0007536,THR,177,CA,2.776852972677822,-3.7,53.9991914893617,30.808063829787226,-4.122553191489362,T1067_AlphaFold,HMDB0007536,THR,177,CA,7.5537026457246235,-3.1,-7.552085106382974,11.00791489361702,5.838085106382978
T1067_Target,HMDB0007537,ARG,221,CA,4.480715120687417,-2.4,49.36395744680851,10.553595744680852,14.8713829787234,T1067_AlphaFold,HMDB0007537,ARG,221,CA,30.31390729249798,-2.6,5.859106382978723,22.955297872340427,-3.2499361702127683
T1067_Target,HMDB0007538,THR,177,CA,7.373861998703039,-2.1,59.23791489361702,36.54214893617022,-8.059957446808511,T1067_AlphaFold,HMDB0007538,THR,177,CA,24.0505572319258,-2.8,-5.816787234042553,5.439638297872341,-19.03410638297872
T1067_Target,HMDB0007544,GLY,162,CA,5.522065264773802,-3.1,57.62518367346938,16.052387755102043,-16.407632653061217,T1067_AlphaFold,HMDB0007544,GLY,162,CA,36.18366180695508,-1.7,-15.885755102040815,-15.977387755102042,12.043244897959186
T1067_Target,HMDB0007545,ILE,230,CA,5.650178784218051,-2.3,39.32326530612244,31.36624489795919,17.58257142857143,T1067_AlphaFold,HMDB0007545,ILE,230,CA,24.882869314254883,-2.3,-3.862265306122449,-17.15559183673469,10.60830612244898
T1067_Target,HMDB0007546,PHE,133,CA,3.883204045380459,-2.7,56.78773469387755,31.406142857142854,-14.319530612244893,T1067_AlphaFold,HMDB0007546,PHE,133,CA,46.84039228582754,-3.4,-11.02622448979592,-18.98489795918367,7.070204081632653
T1067_Target,HMDB0007562,GLU,54,CA,6.078225181582587,-3.0,70.4082,41.40762222222222,1.7405555555555559,T1067_AlphaFold,HMDB0007562,GLU,54,CA,23.574563927721375,-2.1,3.000266666666666,22.038799999999995,20.17973333333333
T1067_Target,HMDB0007564,ALA,90,CA,5.841961261060842,-2.5,79.03363829787233,29.11168085106383,3.053808510638297,T1067_AlphaFold,HMDB0007564,ALA,90,CA,29.110502621843086,-1.6,7.198510638297871,-23.59695744680851,-11.117319148936168
T1067_Target,HMDB0007565,GLN,240,CA,5.7168594633404695,-3.0,56.13663829787235,44.395574468085115,15.48536170212766,T1067_AlphaFold,HMDB0007565,GLN,240,CA,24.42543614138129,-1.8,0.9944893617021275,-1.1790638297872342,20.735531914893613
T1067_Target,HMDB0007566,MET,107,CA,6.241045221496778,-2.3,56.3186170212766,10.376574468085105,20.50425531914894,T1067_AlphaFold,HMDB0007566,MET,107,CA,29.728151049450126,-3.6,-15.916446808510639,-10.298106382978727,7.53276595744681
T1067_Target,HMDB0007572,TYR,111,CA,7.227094976176041,-2.8,72.79614285714287,9.569795918367346,11.74965306122449,T1067_AlphaFold,HMDB0007572,TYR,111,CA,36.38810505258827,-2.6,-19.96038775510204,-20.71399999999999,-2.246673469387755
T1067_Target,HMDB0007573,TYR,149,CA,7.609213905570308,-3.9,52.02100000000001,34.603938775510194,2.77330612244898,T1067_AlphaFold,HMDB0007573,TYR,149,CA,23.085537654063337,-2.2,10.168693877551021,-16.94777551020408,-9.017020408163267
T1067_Target,HMDB0007588,GLU,163,CA,4.469868222710277,-3.5,57.930133333333316,23.14155555555556,-14.52704444444445,T1067_AlphaFold,HMDB0007588,GLU,163,CA,33.82473584137451,-2.5,-16.636444444444447,-13.662111111111113,10.671800000000003
T1067_Target,HMDB0007589,TYR,57,CA,9.118642466892355,-2.3,51.28499999999998,37.33811111111111,0.5360666666666668,T1067_AlphaFold,HMDB0007589,TYR,57,CA,15.108335950399152,-2.1,-13.892888888888885,-18.890800000000002,10.279266666666667
T1067_Target,HMDB0007591,ARG,63,CA,6.023521282410814,-2.9,71.28834042553191,31.06023404255319,20.81385106382979,T1067_AlphaFold,HMDB0007591,ARG,63,CA,24.356535078967315,-2.7,-10.783361702127662,6.282617021276598,9.967340425531916
T1067_Target,HMDB0007592,SER,190,CA,6.556431961558509,-2.9,70.78191489361706,16.694,-8.648319148936169,T1067_AlphaFold,HMDB0007592,SER,190,CA,29.551579812072934,-1.9,-12.191085106382978,4.208319148936172,-17.74429787234043
T1067_Target,HMDB0007599,THR,177,CA,6.242076389856963,-3.0,60.31157142857143,34.02393877551021,-8.020714285714288,T1067_AlphaFold,HMDB0007599,THR,177,CA,27.396256745420068,-1.2,11.322632653061223,19.43573469387755,9.68308163265306
T1067_Target,HMDB0007617,LYS,152,CA,5.375186731318566,-3.2,49.924688888888895,29.70564444444444,0.5102000000000001,T1067_AlphaFold,HMDB0007617,LYS,152,CA,25.779652446411642,-1.9,-0.6538888888888886,-18.808911111111108,8.364644444444446
T1067_Target,HMDB0007618,ILE,230,CA,5.240995291773792,-2.8,39.85308888888889,31.082577777777775,17.494133333333334,T1067_AlphaFold,HMDB0007618,ILE,230,CA,38.332788042897796,-2.0,-9.037444444444443,24.83924444444444,-1.1444666666666665
T1067_Target,HMDB0007620,ARG,116,CA,5.143695622185427,-2.9,77.94334042553193,22.619063829787233,-2.5609574468085103,T1067_AlphaFold,HMDB0007620,ARG,116,CA,18.807982599716908,-2.9,3.5443829787234047,21.639212765957446,-3.097787234042553
T1067_Target,HMDB0007621,GLN,79,CA,6.4670599152192,-1.8,42.3977659574468,29.503085106382983,21.00227659574468,T1067_AlphaFold,HMDB0007621,GLN,79,CA,47.15378431141321,-2.2,-5.083148936170213,24.153787234042547,15.792893617021276
T1067_Target,HMDB0007626,LYS,134,CA,5.524571087699059,-4.0,61.38632653061225,26.07767346938776,-9.972857142857142,T1067_AlphaFold,HMDB0007626,LYS,134,CA,46.8277424985201,-2.3,5.991938775510205,-21.77934693877551,-11.280469387755105
T1067_Target,HMDB0007627,GLY,229,CA,3.498437110683769,-2.7,40.466836734693885,23.698061224489795,14.896591836734693,T1067_AlphaFold,HMDB0007627,GLY,229,CA,43.886039128176634,-2.8,4.315,26.103204081632658,3.2183061224489795
T1067_Target,HMDB0007646,ALA,225,CA,3.679774804234169,-2.3,43.61708888888888,14.736999999999998,14.954844444444442,T1067_AlphaFold,HMDB0007646,ALA,225,CA,41.6182717769165,-2.4,2.8089999999999997,3.0053111111111117,21.071977777777782
T1067_Target,HMDB0007647,THR,177,CA,5.666375122129771,-2.0,53.13988888888891,35.343999999999994,-3.467888888888889,T1067_AlphaFold,HMDB0007647,THR,177,CA,15.519935564394686,-4.0,2.015444444444445,12.853555555555555,3.53951111111111
T1067_Target,HMDB0007649,THR,75,CA,6.772751229343712,-2.7,53.04753191489362,40.54802127659575,22.667127659574465,T1067_AlphaFold,HMDB0007649,THR,75,CA,16.48315004704858,-2.8,-20.51293617021277,-15.302021276595745,-8.539851063829786
T1067_Target,HMDB0007650,VAL,53,CA,6.950924826450132,-2.3,74.354085106383,40.773680851063844,0.29993617021276586,T1067_AlphaFold,HMDB0007650,VAL,53,CA,26.94654729242316,-2.3,7.094893617021278,23.58912765957447,2.470382978723404
T1067_Target,HMDB0007654,SER,123,CA,2.8350211905328977,-3.5,66.10420408163267,21.426877551020407,-20.030367346938778,T1067_AlphaFold,HMDB0007654,SER,123,CA,10.033717273661843,-3.4,-7.135122448979591,21.222408163265314,8.279408163265307
T1067_Target,HMDB0007657,TYR,264,CA,4.193499577634635,-2.9,73.91008163265306,32.92736734693878,16.401877551020412,T1067_AlphaFold,HMDB0007657,TYR,264,CA,18.32479584778433,-2.0,9.612755102040817,7.394775510204082,15.335448979591837
T1067_Target,HMDB0007675,THR,218,CA,6.60727879613661,-2.3,54.22208888888889,10.719555555555553,18.94386666666666,T1067_AlphaFold,HMDB0007675,THR,218,CA,13.507797959880001,-2.5,15.414777777777783,-1.0212666666666659,-11.144266666666669
T1067_Target,HMDB0007676,GLU,120,CA,6.407870129230669,-1.8,77.44544444444446,22.21433333333333,-12.444466666666669,T1067_AlphaFold,HMDB0007676,GLU,120,CA,11.621863371345501,-3.3,5.313622222222222,22.98302222222222,3.445888888888889
T1067_Target,HMDB0007678,TYR,121,CA,3.1954398481976702,-3.4,70.03151063829787,26.07263829787234,-17.77546808510639,T1067_AlphaFold,HMDB0007678,TYR,121,CA,22.2614269187033,-3.3,-12.01789361702128,8.70763829787234,-1.1606808510638298
T1067_Target,HMDB0007679,LYS,242,CA,7.385414990916143,-2.5,48.892382978723404,41.31697872340425,4.6138085106382976,T1067_AlphaFold,HMDB0007679,LYS,242,CA,31.03645735241427,-4.1,-2.555680851063829,13.393638297872343,-0.8934255319148936
T1067_Target,HMDB0007680,ILE,230,CA,4.670986118301753,-3.0,41.13514285714285,32.396653061224484,16.50318367346938,T1067_AlphaFold,HMDB0007680,ILE,230,CA,22.361140793083358,-2.7,-13.37477551020408,0.5275714285714286,8.82261224489796
T1067_Target,HMDB0007683,TYR,57,CA,6.738820338112194,-1.6,54.65673469387754,42.35859183673469,1.7608367346938776,T1067_AlphaFold,HMDB0007683,TYR,57,CA,16.093285058747043,-2.1,-9.865653061224492,11.355061224489797,7.014795918367349
T1067_Target,HMDB0007684,TYR,264,CA,5.45941572144631,-2.4,75.99212244897959,32.73563265306122,17.21136734693878,T1067_AlphaFold,HMDB0007684,TYR,264,CA,26.28202356068494,-3.6,6.74948979591837,16.700857142857146,4.858979591836734
T1067_Target,HMDB0007685,ARG,63,CA,3.5059386919368842,-3.6,67.80167346938775,34.54412244897958,18.637897959183675,T1067_AlphaFold,HMDB0007685,ARG,63,CA,21.42217314331129,-1.8,5.9928571428571455,-23.42826530612245,-12.01077551020408
T1067_Target,HMDB0007704,GLY,201,CA,6.314130395302993,-2.8,76.82948888888892,12.055755555555551,10.702711111111112,T1067_AlphaFold,HMDB0007704,GLY,201,CA,28.09397100140267,-2.8,-13.515666666666664,5.154022222222221,5.379777777777779
T1067_Target,HMDB0007707,GLY,162,CA,2.818048382691252,-3.5,53.02189361702128,18.43404255319149,-10.639595744680852,T1067_AlphaFold,HMDB0007707,GLY,162,CA,12.829110854528887,-3.2,-7.846063829787234,8.949446808510634,6.977170212765957
T1067_Target,HMDB0007708,GLY,179,CA,4.26034636160831,-3.8,57.34836170212767,24.455574468085107,-7.9129787234042555,T1067_AlphaFold,HMDB0007708,GLY,179,CA,13.520234221166493,-2.8,-16.19946808510639,-1.3554893617021275,6.705978723404251
T1067_Target,HMDB0007710,THR,236,CA,9.080017323460101,-2.9,50.936591836734706,35.39130612244897,1.736612244897959,T1067_AlphaFold,HMDB0007710,THR,236,CA,14.78035186050611,-2.5,-11.906469387755106,6.788306122448978,7.276897959183675
T1067_Target,HMDB0007711,ASP,55,CA,7.296212125754484,-2.0,60.10146938775509,38.56502040816326,-7.453,T1067_AlphaFold,HMDB0007711,ASP,55,CA,11.235834173813014,-3.4,-14.40191836734694,-8.242591836734691,9.458714285714285
T1067_Target,HMDB0007712,PRO,60,CA,4.4210673009052615,-3.4,70.21477551020409,39.276897959183664,5.022346938775509,T1067_AlphaFold,HMDB0007712,PRO,60,CA,16.467663269159925,-2.3,8.68181632653061,4.207346938775511,15.366673469387758
T1067_Target,HMDB0007733,SER,206,CA,4.619663262700076,-4.8,67.41095555555557,19.242888888888892,-7.958044444444444,T1067_AlphaFold,HMDB0007733,SER,206,CA,22.963631271423004,-3.3,-17.200333333333333,-1.9677777777777783,0.24737777777777778
T1067_Target,HMDB0007736,TYR,57,CA,5.579097488025837,-4.1,58.06546808510642,36.66548936170213,-2.0153617021276586,T1067_AlphaFold,HMDB0007736,TYR,57,CA,14.664361799430916,-3.1,-8.381234042553192,-18.67091489361703,7.616829787234041
T1067_Target,HMDB0007737,TYR,264,CA,3.545740885533334,-3.3,75.08634042553192,32.63344680851064,10.749489361702125,T1067_AlphaFold,HMDB0007737,TYR,264,CA,33.55739038071756,-2.7,-8.759106382978722,3.046808510638297,-18.260659574468086
T1067_Target,HMDB0007739,ARG,116,CA,4.159375055028869,-3.9,76.74806122448979,25.09402040816327,-2.847612244897959,T1067_AlphaFold,HMDB0007739,ARG,116,CA,23.47436806973128,-2.9,-15.299326530612243,0.7425918367346936,3.4138571428571427
T1067_Target,HMDB0007740,THR,236,CA,7.010714945708404,-3.8,52.5514693877551,35.8949387755102,3.0112244897959193,T1067_AlphaFold,HMDB0007740,THR,236,CA,20.872261061944968,-2.2,-7.810979591836734,12.394204081632653,11.283571428571427
T1067_Target,HMDB0007765,ALA,198,CA,5.573624297070006,-3.0,74.22031914893616,10.000595744680847,9.732170212765958,T1067_AlphaFold,HMDB0007765,ALA,198,CA,18.680325956245998,-2.4,12.690702127659574,-10.816106382978726,-10.076446808510635
T1067_Target,HMDB0007767,ARG,250,CA,2.826763401745186,-3.5,43.66408163265306,41.1288163265306,10.472408163265307,T1067_AlphaFold,HMDB0007767,ARG,250,CA,30.48812466956146,-2.0,7.31673469387755,-19.457326530612246,-12.224530612244902
T1067_Target,HMDB0007768,GLU,252,CA,6.005781116494515,-3.2,45.69175510204083,35.4181224489796,4.328775510204081,T1067_AlphaFold,HMDB0007768,GLU,252,CA,14.674447552208415,-3.4,-14.501244897959177,-10.103326530612243,8.832571428571425
T1067_Target,HMDB0007769,ASP,118,CA,7.490298655011999,-2.6,78.65046938775511,32.746836734693886,-2.0230204081632657,T1067_AlphaFold,HMDB0007769,ASP,118,CA,14.378909486495306,-3.9,2.307367346938776,19.21910204081633,3.5336530612244896
T1067_Target,HMDB0007791,THR,81,CA,6.864279479867314,-2.3,44.071404255319145,24.120361702127664,20.819191489361696,T1067_AlphaFold,HMDB0007791,THR,81,CA,35.16860163340666,-2.2,-5.639978723404256,1.6451063829787234,20.225170212765963
T1067_Target,HMDB0007792,THR,110,CA,5.732233325830813,-2.3,71.5029574468085,12.039574468085107,15.713680851063835,T1067_AlphaFold,HMDB0007792,THR,110,CA,30.310541890104794,-2.7,4.315404255319149,24.496446808510644,-1.6184255319148937
T1067_Target,HMDB0007820,ASP,118,CA,5.380747806569226,-3.3,78.09848936170214,29.193723404255323,-1.8107021276595747,T1067_AlphaFold,HMDB0007820,ASP,118,CA,9.843636026250302,-2.5,7.214255319148937,-0.5983617021276595,16.412999999999993
T1067_Target,HMDB0007821,ARG,44,CA,7.266434679165736,-2.5,74.14538297872339,33.63265957446807,-20.48836170212767,T1067_AlphaFold,HMDB0007821,ARG,44,CA,49.305459106300944,-2.1,-13.071234042553195,-23.513425531914894,-4.3679787234042555
T1067_Target,HMDB0007858,LYS,134,CA,5.3942529123609155,-2.2,56.40486956521739,29.524978260869563,-10.81382608695652,T1067_AlphaFold,HMDB0007858,LYS,134,CA,9.286752642689633,-1.8,3.3858260869565227,25.154304347826088,-6.892043478260872
T1067_Target,HMDB0007859,TYR,121,CA,5.3531706403342705,-2.4,75.53132608695651,23.095391304347828,-14.927282608695657,T1067_AlphaFold,HMDB0007859,TYR,121,CA,12.36877366755593,-3.6,-3.7849347826086963,14.119108695652173,3.1428478260869563
T1067_Target,HMDB0007860,LYS,134,CA,5.042885517876478,-3.3,57.846478260869574,27.154478260869556,-10.57867391304348,T1067_AlphaFold,HMDB0007860,LYS,134,CA,17.65484236838317,-3.0,-7.566934782608695,9.436456521739133,10.062239130434785
T1067_Target,HMDB0007861,ALA,225,CA,3.8629841603131005,-2.9,43.3381875,16.204020833333335,13.5229375,T1067_AlphaFold,HMDB0007861,ALA,225,CA,18.193171060152167,-1.6,11.465166666666667,-6.070666666666667,-17.07929166666667
T1067_Target,HMDB0007862,SER,93,CA,6.045958267611344,-2.7,79.16589583333335,17.729458333333337,13.045333333333334,T1067_AlphaFold,HMDB0007862,SER,93,CA,25.726353888717927,-1.9,10.591020833333335,15.793479166666666,6.556895833333333
T1067_Target,HMDB0007863,THR,238,CA,6.312111454970163,-1.9,65.15629166666669,40.8049375,15.4506875,T1067_AlphaFold,HMDB0007863,THR,238,CA,10.967748099601037,-2.2,-18.034520833333335,-12.73310416666667,10.74822916666667
T1067_Target,HMDB0007864,GLU,176,CA,4.850983885472913,-2.5,51.07333333333335,31.113312499999992,-2.3733958333333343,T1067_AlphaFold,HMDB0007864,GLU,176,CA,27.811050510566876,-1.4,10.008729166666669,-8.324729166666666,14.628145833333335
T1067_Target,HMDB0007865,GLY,62,CA,4.07006800497289,-3.1,74.21189583333332,35.07929166666666,11.988229166666668,T1067_AlphaFold,HMDB0007865,GLY,62,CA,37.33178303580447,-3.1,-0.19725000000000048,16.87602083333333,-14.485333333333335
T1067_Target,HMDB0007873,GLU,176,CA,4.5329223610823055,-3.0,52.065160000000006,28.054239999999997,-5.74322,T1067_AlphaFold,HMDB0007873,GLU,176,CA,23.80847387720599,-3.2,3.0861600000000005,23.189480000000003,1.1091600000000004
T1067_Target,HMDB0007875,ASP,55,CA,6.678510917921751,-3.0,60.0117,36.854519999999994,-6.73598,T1067_AlphaFold,HMDB0007875,ASP,55,CA,24.729887136693527,-3.4,12.385080000000002,10.85124,2.2793599999999996
T1067_Target,HMDB0007929,GLU,163,CA,5.1509794128596,-3.5,60.77575510204082,24.3484693877551,-11.680244897959188,T1067_AlphaFold,HMDB0007929,GLU,163,CA,15.199816390224692,-2.8,-7.659061224489796,14.307448979591838,14.220224489795921
T1067_Target,HMDB0007965,THR,177,CA,5.422446126219558,-3.7,60.73770833333333,33.86506250000001,-6.189833333333337,T1067_AlphaFold,HMDB0007965,THR,177,CA,20.567859493303736,-3.1,-13.840583333333337,-15.532395833333332,8.482687500000003
T1067_Target,HMDB0007977,GLN,79,CA,7.643855421316481,-2.4,42.91394444444443,34.13120370370372,20.478500000000004,T1067_AlphaFold,HMDB0007977,GLN,79,CA,16.440655938243406,-2.2,-17.18864814814815,-4.883111111111114,1.8846851851851847
T1067_Target,HMDB0008096,GLU,176,CA,4.098061195941511,-3.1,50.9325849056604,29.04913207547169,-2.7301320754716976,T1067_AlphaFold,HMDB0008096,GLU,176,CA,20.187086654694117,-3.0,-15.254698113207546,-14.0586037735849,8.86454716981132
T1067_Target,HMDB0008097,GLU,163,CA,3.9390435511174506,-3.6,58.353440000000006,23.30724,-11.477920000000001,T1067_AlphaFold,HMDB0008097,GLU,163,CA,37.53753676889308,-3.3,-16.784940000000002,-19.027399999999997,-7.132180000000001
T1067_Target,HMDB0008098,VAL,249,CA,8.644064370352647,-2.1,46.03551999999999,41.60589999999999,23.739280000000008,T1067_AlphaFold,HMDB0008098,VAL,249,CA,36.16906528838698,-1.7,-9.318739999999998,12.91624,-16.569480000000002
T1067_Target,HMDB0008131,LYS,134,CA,2.683842677505522,-2.9,60.15004,31.84258,-14.196140000000007,T1067_AlphaFold,HMDB0008131,LYS,134,CA,40.19554449299574,-2.9,-21.223419999999997,-12.088839999999998,6.818919999999999
T1067_Target,HMDB0008172,ASP,55,CA,6.9112524408954386,-1.7,61.10566666666668,40.30266666666666,-6.9430740740740715,T1067_AlphaFold,HMDB0008172,ASP,55,CA,32.55450820888287,-1.9,6.989537037037036,27.91464814814815,3.983296296296296
T1067_Target,HMDB0008232,TYR,57,CA,6.05795561387459,-2.9,54.594134615384604,41.1186923076923,2.6281730769230753,T1067_AlphaFold,HMDB0008232,TYR,57,CA,17.777753273769374,-2.7,-7.071346153846152,13.212307692307691,10.737692307692306
T1067_Target,HMDB0008324,TYR,121,CA,6.241689823828849,-2.1,73.85347169811321,26.33739622641509,-20.133924528301886,T1067_AlphaFold,HMDB0008324,TYR,121,CA,34.87199739080353,-2.3,3.5045849056603773,-17.81960377358491,8.488698113207548
T1067_Target,HMDB0008489,SER,56,CA,6.5359873003811595,-2.9,63.22683636363636,43.67390909090909,6.250254545454544,T1067_AlphaFold,HMDB0008489,SER,56,CA,11.156768364947393,-2.4,-16.368654545454547,-9.664236363636364,8.423654545454546
T1067_Target,HMDB0008525,THR,177,CA,4.307917797458182,-3.2,53.67875925925927,33.85855555555555,-2.91564814814815,T1067_AlphaFold,HMDB0008525,THR,177,CA,6.350673923874534,-3.0,-11.82388888888889,1.8846481481481479,10.190055555555556
T1067_Target,HMDB0008624,GLY,229,CA,5.316068354462165,-2.8,40.30633333333334,26.505592592592592,17.446499999999997,T1067_AlphaFold,HMDB0008624,GLY,229,CA,26.42942774115561,-3.1,-8.063500000000001,10.06403703703704,3.4564629629629633
T1067_Target,HMDB0008652,ALA,136,CA,6.689330712398263,-2.4,62.23229090909091,37.34641818181818,-8.76021818181818,T1067_AlphaFold,HMDB0008652,ALA,136,CA,44.113147946308395,-2.1,-16.92681818181818,-22.51283636363636,-2.795381818181817
T1067_Target,HMDB0008690,ASP,55,CA,5.6174486598596705,-3.0,61.02185185185184,37.93033333333333,-6.113129629629632,T1067_AlphaFold,HMDB0008690,ASP,55,CA,16.64765089001126,-2.0,-18.60733333333333,-12.08516666666667,10.209870370370368
T1067_Target,HMDB0010168,PRO,60,CA,5.233363162403317,-3.0,65.52954,41.40632000000001,5.09866,T1067_AlphaFold,HMDB0010168,PRO,60,CA,30.22703414001447,-3.0,-9.203199999999999,11.130500000000005,-9.255460000000001
T1067_Target,HMDB0010199,SER,206,CA,4.768613013385399,-5.8,65.10735714285714,19.485928571428577,-7.318714285714286,T1067_AlphaFold,HMDB0010199,SER,206,CA,20.611458707346333,-5.7,-13.073607142857144,-4.041464285714286,1.9118214285714288
T1067_Target,HMDB0010201,TYR,149,CA,5.4677911143476345,-5.9,52.74233333333333,32.77920833333334,3.938875,T1067_AlphaFold,HMDB0010201,TYR,149,CA,6.1705711553859075,-5.1,-12.531666666666668,-4.06475,3.525791666666667
T1067_Target,HMDB0010202,TYR,149,CA,5.723208182418812,-5.9,52.620374999999996,34.09695833333334,5.376083333333334,T1067_AlphaFold,HMDB0010202,TYR,149,CA,6.973064749074946,-5.0,-13.334208333333331,-2.3391666666666664,2.676916666666667
T1067_Target,HMDB0010204,THR,236,CA,6.158465060338355,-5.0,52.940230769230766,34.697,4.0649999999999995,T1067_AlphaFold,HMDB0010204,THR,236,CA,7.687817640139972,-5.0,-12.983884615384614,-1.679961538461538,2.4817692307692307
T1067_Target,HMDB0010205,THR,236,CA,6.617008764295798,-4.6,53.69400000000001,34.982826086956514,2.625,T1067_AlphaFold,HMDB0010205,THR,236,CA,7.917937016505846,-4.1,-13.216260869565216,-0.8740434782608696,4.861695652173912
T1067_Target,HMDB0010208,TYR,149,CA,5.858642579557145,-5.0,53.4245,33.50325,3.3837500000000005,T1067_AlphaFold,HMDB0010208,TYR,149,CA,6.456249117860541,-5.4,-12.642291666666667,-3.2512083333333326,3.4895416666666663
T1067_Target,HMDB0010209,TYR,149,CA,6.149687218361645,-5.2,51.66583333333333,32.41854166666667,3.7222500000000003,T1067_AlphaFold,HMDB0010209,TYR,149,CA,17.813197710312053,-5.6,-1.3126666666666666,11.179666666666662,1.6913333333333336
T1067_Target,HMDB0010210,THR,236,CA,5.5737687553392625,-4.7,53.84517391304348,35.842217391304345,3.7561304347826088,T1067_AlphaFold,HMDB0010210,THR,236,CA,6.47060293979911,-4.8,-13.362869565217395,-3.6553913043478254,2.6228695652173912
T1067_Target,HMDB0010211,VAL,233,CA,5.394421513835832,-5.4,50.517307692307696,33.35984615384616,6.063653846153849,T1067_AlphaFold,HMDB0010211,VAL,233,CA,8.402691717310224,-4.9,-13.346230769230765,-3.240423076923077,2.6153076923076926
T1067_Target,HMDB0010212,TYR,149,CA,5.881692289717845,-5.2,53.41943478260868,33.7364347826087,3.5841739130434784,T1067_AlphaFold,HMDB0010212,TYR,149,CA,16.962729806983482,-4.7,-2.949739130434783,10.848347826086954,1.5214782608695656
T1067_Target,HMDB0010213,THR,150,CA,5.2098516955235015,-6.1,50.971730769230774,31.678730769230768,4.693076923076923,T1067_AlphaFold,HMDB0010213,THR,150,CA,7.530931804051748,-4.8,-13.44173076923077,-3.857499999999999,2.831230769230769
T1067_Target,HMDB0010214,TYR,149,CA,6.670068567117659,-4.9,52.88325,34.21521428571428,3.206714285714285,T1067_AlphaFold,HMDB0010214,TYR,149,CA,7.187120818924385,-4.2,-13.420857142857143,-2.8905357142857144,3.4864642857142853
T1067_Target,HMDB0010216,TYR,149,CA,5.87303961614768,-5.2,53.378769230769244,34.087846153846144,4.049423076923076,T1067_AlphaFold,HMDB0010216,TYR,149,CA,6.012475371155994,-5.0,-12.735846153846154,-3.3719230769230766,2.5114615384615386
T1067_Target,HMDB0010217,TYR,149,CA,6.251344875947419,-5.1,52.10386956521739,33.697043478260866,4.196,T1067_AlphaFold,HMDB0010217,TYR,149,CA,17.795382992312927,-4.9,-3.0167391304347824,11.807173913043481,0.14530434782608714
T1067_Target,HMDB0010219,THR,150,CA,5.262989599847846,-5.5,51.213461538461544,32.286423076923086,5.291461538461538,T1067_AlphaFold,HMDB0010219,THR,150,CA,8.49196650251764,-5.2,-13.040576923076925,-3.4057692307692307,4.056038461538462
T1067_Target,HMDB0010221,SER,164,CA,4.862813624740137,-5.0,65.25354166666666,19.285333333333337,-7.913166666666665,T1067_AlphaFold,HMDB0010221,SER,164,CA,23.130078575144555,-5.5,-12.255000000000003,-3.475125,2.7415416666666665
T1067_Target,HMDB0010222,THR,236,CA,6.013678454186522,-5.4,53.67733333333334,34.45475,3.5815416666666664,T1067_AlphaFold,HMDB0010222,THR,236,CA,26.116296268844927,-4.4,3.1514166666666665,15.101708333333336,1.3815416666666671
T1067_Target,HMDB0010316,TYR,149,CA,5.936486947206103,-6.4,52.996111111111105,32.98585185185185,3.1445925925925917,T1067_AlphaFold,HMDB0010316,TYR,149,CA,17.227428323160414,-6.9,-2.657592592592593,11.085074074074075,-1.0297037037037038
T1067_Target,HMDB0010318,GLY,135,CA,4.94294533929103,-7.8,62.90097435897436,30.13594871794873,-9.269333333333334,T1067_AlphaFold,HMDB0010318,GLY,135,CA,26.726868167336555,-7.5,-13.639692307692307,-2.877538461538461,5.115666666666669
T1067_Target,HMDB0010319,TYR,149,CA,5.833024172252578,-6.8,53.319769230769225,32.85269230769231,2.963999999999999,T1067_AlphaFold,HMDB0010319,TYR,149,CA,5.799261927763284,-7.2,-12.553192307692306,-3.0956923076923077,2.113923076923077
T1067_Target,HMDB0010329,GLY,179,CA,5.925686536315144,-6.2,62.22006666666666,24.913833333333333,-8.118166666666665,T1067_AlphaFold,HMDB0010329,GLY,179,CA,6.587538997396693,-6.3,-2.7419333333333338,10.473500000000001,4.198433333333332
T1067_Target,HMDB0010335,GLY,135,CA,5.606824072631535,-8.1,63.16105263157893,32.52955263157895,-8.67271052631579,T1067_AlphaFold,HMDB0010335,GLY,135,CA,27.571645069854526,-7.3,-13.111342105263162,-3.7373947368421057,7.352921052631578
T1067_Target,HMDB0010340,GLU,163,CA,5.798983041232318,-6.6,61.1151388888889,23.83622222222222,-8.913277777777777,T1067_AlphaFold,HMDB0010340,GLU,163,CA,21.972972943015137,-6.1,-13.79725,-3.7280555555555557,3.6943333333333337
T1067_Target,HMDB0010343,THR,236,CA,6.0232557786927385,-6.9,53.41110000000001,34.67716666666666,3.750733333333334,T1067_AlphaFold,HMDB0010343,THR,236,CA,6.254662635630764,-6.6,-12.851400000000003,-3.038766666666667,3.4239333333333333
T1067_Target,HMDB0010345,ARG,178,CA,5.082955188232356,-7.0,58.637119047619045,27.806309523809528,-8.94595238095238,T1067_AlphaFold,HMDB0010345,ARG,178,CA,11.107439921255864,-7.3,-13.961357142857148,-3.374666666666667,4.221357142857143
T1067_Target,HMDB0010348,ARG,178,CA,5.426969927513487,-7.4,62.13255555555554,29.900416666666658,-8.924027777777779,T1067_AlphaFold,HMDB0010348,ARG,178,CA,9.228984702578725,-8.6,-3.0877499999999998,13.662944444444445,3.600861111111111
T1067_Target,HMDB0010351,GLY,135,CA,5.198980478843006,-7.5,62.27599999999998,30.172421052631577,-9.139,T1067_AlphaFold,HMDB0010351,GLY,135,CA,10.992942636256073,-7.6,-4.050552631578946,10.610526315789473,5.923105263157894
T1067_Target,HMDB0010356,SER,164,CA,6.0713966550253655,-8.3,62.743682926829266,22.9459756097561,-7.875439024390243,T1067_AlphaFold,HMDB0010356,SER,164,CA,7.108566368766297,-8.5,-2.3007317073170728,11.448024390243901,2.535121951219512
T1067_Target,HMDB0010367,THR,236,CA,6.532522221083993,-6.0,53.045279069767446,36.44979069767441,3.2133488372093018,T1067_AlphaFold,HMDB0010367,THR,236,CA,19.057320765107196,-5.9,-4.255790697674419,10.802023255813953,6.430046511627906
T1067_Target,HMDB0010368,ASP,55,CA,6.704519353903217,-3.7,63.7863404255319,39.06802127659575,-7.665234042553189,T1067_AlphaFold,HMDB0010368,ASP,55,CA,26.64664706860212,-5.1,1.7939787234042555,20.346872340425538,-2.0193617021276595
T1067_Target,HMDB0010369,THR,236,CA,7.000585870328333,-5.4,52.16604255319148,35.50463829787236,3.491234042553192,T1067_AlphaFold,HMDB0010369,THR,236,CA,32.41018910475913,-5.2,4.425042553191489,21.253340425531913,-0.45582978723404255
T1067_Target,HMDB0010370,SER,206,CA,4.8783397648663,-6.6,68.05965957446806,18.256170212765955,-7.319404255319148,T1067_AlphaFold,HMDB0010370,SER,206,CA,21.760205295847477,-3.4,17.55587234042553,-0.8782978723404254,-8.33155319148936
T1067_Target,HMDB0010371,TYR,251,CA,5.457305030331884,-4.2,38.73808163265307,37.152408163265314,10.030979591836735,T1067_AlphaFold,HMDB0010371,TYR,251,CA,12.81183819078039,-3.1,-12.887999999999996,-18.918897959183674,-12.66857142857143
T1067_Target,HMDB0010372,LYS,152,CA,7.928164950559219,-4.3,49.73466666666666,32.90656862745098,2.2884313725490193,T1067_AlphaFold,HMDB0010372,LYS,152,CA,11.186658756405185,-4.0,-16.411843137254902,-2.808000000000001,4.225901960784314
T1067_Target,HMDB0010373,LYS,152,CA,6.411077359444983,-6.2,50.057142857142864,31.44889795918368,2.917979591836735,T1067_AlphaFold,HMDB0010373,LYS,152,CA,27.376317728814527,-4.6,5.554122448979592,20.222428571428573,0.4080816326530609
T1067_Target,HMDB0010374,ASP,55,CA,6.653293284892392,-4.4,61.78721568627454,36.57941176470589,-7.482156862745098,T1067_AlphaFold,HMDB0010374,ASP,55,CA,29.27403696435966,-4.9,-16.488058823529407,-20.354882352941175,-6.516607843137251
T1067_Target,HMDB0010375,THR,236,CA,7.40657218539626,-5.4,52.87084313725491,35.936627450980396,2.171372549019608,T1067_AlphaFold,HMDB0010375,THR,236,CA,34.77167269996815,-4.4,4.217235294117648,23.746137254901964,-1.5501568627450981
T1067_Target,HMDB0010376,THR,110,CA,6.146976593961216,-2.7,68.98296226415094,9.781169811320753,15.985905660377359,T1067_AlphaFold,HMDB0010376,THR,110,CA,26.894409205303507,-2.2,-13.973056603773587,5.473566037735849,-13.60690566037736
T1067_Target,HMDB0010378,TYR,149,CA,6.127145687413793,-4.6,52.87449999999999,33.135,3.0714545454545448,T1067_AlphaFold,HMDB0010378,TYR,149,CA,6.976402216498388,-3.9,-13.31440909090909,-2.1713636363636364,2.5313636363636363
T1067_Target,HMDB0010379,LYS,152,CA,5.846807532848319,-4.2,50.663062499999995,30.75321875,1.94615625,T1067_AlphaFold,HMDB0010379,LYS,152,CA,19.073527850558104,-4.7,0.24265625000000007,12.857125,1.5914687499999998
T1067_Target,HMDB0010380,GLY,201,CA,5.10108243051322,-3.7,74.47865625,12.491531249999998,10.57975,T1067_AlphaFold,HMDB0010380,GLY,201,CA,20.625352608870337,-4.4,-4.4059375,10.52265625,0.7716562499999996
T1067_Target,HMDB0010381,GLU,176,CA,7.330915805873152,-3.4,51.06221212121211,32.713545454545454,2.0475757575757574,T1067_AlphaFold,HMDB0010381,GLU,176,CA,12.294237801966949,-3.2,-7.000272727272729,8.494757575757575,11.362424242424241
T1067_Target,HMDB0010382,LYS,152,CA,3.4742655719886755,-4.5,48.19391176470589,27.81458823529411,3.1413823529411764,T1067_AlphaFold,HMDB0010382,LYS,152,CA,11.312349526269877,-3.6,-13.89979411764706,-4.087235294117647,4.805029411764709
T1067_Target,HMDB0010383,ALA,136,CA,6.817832363682264,-3.9,62.765588235294125,34.65320588235294,-7.871529411764707,T1067_AlphaFold,HMDB0010383,ALA,136,CA,24.708073728601907,-3.5,-15.24694117647059,-1.7926176470588238,-0.8345882352941176
T1067_Target,HMDB0010384,VAL,53,CA,6.089295316993721,-3.3,64.48583333333335,37.9986111111111,-7.3415277777777765,T1067_AlphaFold,HMDB0010384,VAL,53,CA,18.09449552795727,-2.8,13.055555555555559,1.358388888888889,9.576249999999996
T1067_Target,HMDB0010385,THR,236,CA,6.041833056521041,-3.9,53.31736111111111,36.613222222222234,3.6580555555555554,T1067_AlphaFold,HMDB0010385,THR,236,CA,9.777299027223572,-3.3,-15.355861111111118,-0.4382500000000001,3.2253611111111113
T1067_Target,HMDB0010386,GLU,54,CA,4.3704208881065,-3.6,70.48894444444446,39.095749999999995,1.170583333333333,T1067_AlphaFold,HMDB0010386,GLU,54,CA,28.644035854097144,-3.5,14.378916666666665,-4.582638888888889,-7.416611111111113
T1067_Target,HMDB0010387,LYS,152,CA,6.213232013224219,-4.7,49.7272777777778,31.234277777777777,3.1400833333333327,T1067_AlphaFold,HMDB0010387,LYS,152,CA,19.962978644470066,-4.7,0.5348611111111121,14.095416666666665,1.1509999999999991
T1067_Target,HMDB0010388,GLU,54,CA,4.959263327116778,-3.9,71.97688888888891,36.95288888888889,0.8794722222222221,T1067_AlphaFold,HMDB0010388,GLU,54,CA,24.149100158020993,-4.1,1.3672222222222221,17.99561111111111,-1.508638888888889
T1067_Target,HMDB0010389,LYS,134,CA,5.195225333683504,-4.1,59.97936111111111,26.47186111111112,-10.019416666666665,T1067_AlphaFold,HMDB0010389,LYS,134,CA,13.94521015809353,-2.9,-9.87436111111111,11.046777777777779,1.5399166666666668
T1067_Target,HMDB0010390,GLY,254,CA,6.592385182574618,-3.4,48.171868421052636,31.43607894736842,3.8527631578947377,T1067_AlphaFold,HMDB0010390,GLY,254,CA,23.86236408481076,-3.1,1.0771315789473686,6.978552631578949,-20.127157894736843
T1067_Target,HMDB0010391,GLN,240,CA,4.078831014724173,-3.9,54.35776315789476,41.31178947368421,18.424368421052627,T1067_AlphaFold,HMDB0010391,GLN,240,CA,28.50686249071273,-3.4,-6.945368421052632,12.685236842105263,4.0023684210526325
T1067_Target,HMDB0010392,THR,236,CA,7.9384885156270375,-3.4,52.299368421052634,35.709447368421046,1.9696052631578946,T1067_AlphaFold,HMDB0010392,THR,236,CA,7.263121754915809,-4.0,-13.518736842105262,-12.622131578947368,8.276473684210528
T1067_Target,HMDB0010393,GLU,120,CA,4.836164023542197,-3.2,74.47526315789473,21.166473684210526,-10.129105263157895,T1067_AlphaFold,HMDB0010393,GLU,120,CA,17.421384362678772,-3.7,-10.816894736842107,4.588710526315789,7.37886842105263
T1067_Target,HMDB0010394,LYS,202,CA,3.097031231254916,-4.0,77.7179736842105,19.26847368421053,7.02365789473684,T1067_AlphaFold,HMDB0010394,LYS,202,CA,16.040030995326187,-3.1,7.289289473684212,17.75215789473684,1.231342105263157
T1067_Target,HMDB0010395,LYS,134,CA,4.722199377391192,-4.3,60.95860526315787,27.862394736842106,-9.935263157894736,T1067_AlphaFold,HMDB0010395,LYS,134,CA,17.802450534906253,-3.2,-8.737,8.290973684210527,7.936315789473685
T1067_Target,HMDB0010396,GLN,79,CA,6.361312263137322,-4.0,44.33052631578949,33.43378947368422,21.049421052631583,T1067_AlphaFold,HMDB0010396,GLN,79,CA,29.669704539359824,-3.9,-5.388078947368422,10.43747368421053,3.9416578947368426
T1067_Target,HMDB0010397,THR,177,CA,4.817539970968968,-4.3,57.649421052631574,35.57044736842106,-2.630684210526316,T1067_AlphaFold,HMDB0010397,THR,177,CA,8.541353145537698,-5.1,-4.3077894736842115,9.036526315789477,7.095842105263157
T1067_Target,HMDB0010398,THR,177,CA,6.8737035838131035,-2.8,51.96524999999999,34.228699999999996,-0.149325,T1067_AlphaFold,HMDB0010398,THR,177,CA,6.173335013234335,-3.1,-14.716324999999998,-0.45120000000000005,5.0573
T1067_Target,HMDB0010399,GLY,201,CA,5.607141453149278,-2.7,74.986525,12.474300000000003,11.4074,T1067_AlphaFold,HMDB0010399,GLY,201,CA,36.768205645511514,-2.6,-17.551224999999995,-16.506699999999995,9.645
T1067_Target,HMDB0010400,ARG,49,CA,6.065571178895686,-3.2,77.82602499999999,35.61912499999999,-3.1144000000000016,T1067_AlphaFold,HMDB0010400,ARG,49,CA,26.946212775569222,-2.9,4.378325,23.031574999999997,-0.20390000000000005
T1067_Target,HMDB0010401,GLU,163,CA,3.9474765548702044,-4.6,62.10307499999999,21.215074999999995,-14.1043,T1067_AlphaFold,HMDB0010401,GLU,163,CA,12.75539940515388,-3.1,3.412599999999999,24.289649999999998,-2.80795
T1067_Target,HMDB0010402,TYR,57,CA,5.259001730010185,-3.7,54.78892499999999,38.652100000000004,2.4298249999999992,T1067_AlphaFold,HMDB0010402,TYR,57,CA,27.88804035301244,-2.1,-9.924,21.447325000000003,-0.08272499999999991
T1067_Target,HMDB0010403,THR,110,CA,5.187414579658167,-3.9,71.92397500000001,15.405824999999998,15.8477,T1067_AlphaFold,HMDB0010403,THR,110,CA,31.28094142909745,-3.3,5.2585999999999995,23.918700000000005,4.137624999999999
T1067_Target,HMDB0010404,SER,164,CA,3.96655415852348,-5.4,64.7819,18.672399999999993,-10.860650000000001,T1067_AlphaFold,HMDB0010404,SER,164,CA,26.00067203897093,-4.0,-0.5265500000000001,3.6080000000000005,20.414274999999993
T1067_Target,HMDB0010405,ARG,116,CA,5.446177313017806,-3.1,77.89280952380952,26.134547619047627,-0.5485238095238097,T1067_AlphaFold,HMDB0010405,ARG,116,CA,31.060849975831125,-2.2,-15.974547619047618,-14.007190476190477,11.117833333333333
T1067_Target,HMDB0010406,MET,52,CA,8.615099625695436,-3.2,77.07114285714286,34.78738095238096,1.077452380952382,T1067_AlphaFold,HMDB0010406,MET,52,CA,18.637033253636847,-3.4,7.011285714285714,16.881952380952384,3.075357142857142
T1067_Target,HMDB0010407,THR,236,CA,6.3087564981381865,-3.8,52.505909090909086,35.79324242424243,4.163696969696969,T1067_AlphaFold,HMDB0010407,THR,236,CA,11.911738905469097,-3.5,-11.011030303030303,3.5139696969696974,9.265848484848485
T1067_Target,HMDB0010408,ARG,178,CA,5.286578256957786,-4.2,61.10805714285715,26.716942857142858,-8.81194285714286,T1067_AlphaFold,HMDB0010408,ARG,178,CA,25.115337535295772,-3.1,-9.305028571428572,-19.42328571428571,6.890028571428573
T1067_Target,HMDB0010410,THR,150,CA,5.424293971503177,-6.2,51.42360714285716,31.494928571428574,3.961035714285713,T1067_AlphaFold,HMDB0010410,THR,150,CA,8.57107580963083,-5.0,-13.300607142857144,-2.4242500000000002,3.675678571428572
T1067_Target,HMDB0010573,THR,238,CA,5.831279218517554,-2.9,60.46215094339622,42.073339622641505,17.17345283018868,T1067_AlphaFold,HMDB0010573,THR,238,CA,32.84352186590332,-3.1,-9.182000000000002,13.40092452830189,-11.992056603773582
T1067_Target,HMDB0010575,SER,161,CA,4.904126880563143,-2.6,51.230132075471715,17.370641509433963,-6.814886792452832,T1067_AlphaFold,HMDB0010575,SER,161,CA,23.39842927459734,-2.4,-7.138094339622643,7.064452830188681,17.079584905660376
T1067_Target,HMDB0010580,GLU,176,CA,3.499679137972567,-3.1,51.54659999999999,28.131272727272734,-3.2353272727272717,T1067_AlphaFold,HMDB0010580,GLU,176,CA,10.098542959267212,-2.4,-9.902709090909092,6.326072727272728,10.37125454545455
T1067_Target,HMDB0010581,THR,177,CA,5.6688971530335115,-2.8,52.75522807017543,34.14740350877194,-1.3788771929824557,T1067_AlphaFold,HMDB0010581,THR,177,CA,12.700286326109289,-3.0,-12.643087719298245,-6.18682456140351,11.202842105263164
T1067_Target,HMDB0010587,GLU,176,CA,2.3368425625906672,-3.4,52.68390566037737,27.90766037735849,-2.9409811320754726,T1067_AlphaFold,HMDB0010587,GLU,176,CA,11.23506722810992,-2.7,-10.074886792452826,11.545943396226415,8.745981132075471
T1067_Target,HMDB0010588,LYS,134,CA,4.00264673746616,-2.6,57.62915094339621,28.05881132075471,-11.76054716981132,T1067_AlphaFold,HMDB0010588,LYS,134,CA,6.894730275772191,-3.1,-7.453245283018867,17.938754716981133,0.6424150943396231
T1067_Target,HMDB0010593,SER,161,CA,7.1490360986986,-2.2,48.92805454545456,18.05636363636364,-7.245472727272729,T1067_AlphaFold,HMDB0010593,SER,161,CA,10.72497884543561,-4.0,-6.576109090909093,14.093618181818186,5.287490909090909
T1067_Target,HMDB0010597,GLY,62,CA,4.650256105034766,-3.1,68.43763157894738,38.882526315789484,13.334280701754386,T1067_AlphaFold,HMDB0010597,GLY,62,CA,38.226987974738556,-2.6,6.174473684210523,25.618052631578948,-0.5452456140350881
T1067_Target,HMDB0010601,GLU,176,CA,4.026986110196986,-2.7,52.308150943396235,29.63928301886793,-4.891830188679245,T1067_AlphaFold,HMDB0010601,GLU,176,CA,17.71604647524569,-4.0,0.631452830188679,17.352000000000004,1.7528679245283012
T1067_Target,HMDB0010603,GLY,179,CA,6.7144585317220375,-2.6,53.403981818181826,25.214,-8.583654545454548,T1067_AlphaFold,HMDB0010603,GLY,179,CA,21.368445947678154,-2.3,9.358509090909095,18.175672727272723,8.398327272727268
T1067_Target,HMDB0010604,TYR,159,CA,3.9420621016865853,-2.3,50.10974545454546,12.685145454545461,-4.312018181818184,T1067_AlphaFold,HMDB0010604,TYR,159,CA,36.08496060273804,-2.2,-15.222581818181814,-14.057436363636358,11.301436363636363
T1067_Target,HMDB0010610,LYS,134,CA,5.220849205030542,-2.6,56.61514035087721,27.116807017543866,-11.474526315789475,T1067_AlphaFold,HMDB0010610,LYS,134,CA,29.443843891694883,-2.4,-14.391684210526314,-1.97759649122807,10.322473684210525
T1067_Target,HMDB0010619,THR,177,CA,2.404787482165568,-3.0,56.08843636363635,32.83314545454546,-5.28069090909091,T1067_AlphaFold,HMDB0010619,THR,177,CA,28.093319561621858,-2.7,-15.460036363636362,-20.33965454545455,-8.046327272727275
T1067_Target,HMDB0010622,GLU,176,CA,5.638173931013823,-3.8,49.28007272727271,27.64041818181818,-2.5079272727272732,T1067_AlphaFold,HMDB0010622,GLU,176,CA,14.923235241164717,-3.3,-0.0202727272727266,12.832018181818182,5.775545454545454
T1067_Target,HMDB0010630,GLN,79,CA,8.191077781168932,-2.8,42.44952830188679,34.46698113207548,20.42773584905661,T1067_AlphaFold,HMDB0010630,GLN,79,CA,30.360592240167634,-2.0,-8.732754716981132,13.290150943396222,-13.73764150943396
T1067_Target,HMDB0010631,TYR,264,CA,5.492507939224316,-2.7,74.58479245283019,28.679849056603782,17.990981132075476,T1067_AlphaFold,HMDB0010631,TYR,264,CA,34.339785452915926,-3.1,-7.157132075471695,21.333094339622647,11.443037735849055
T1067_Target,HMDB0010632,THR,177,CA,6.5826107541381855,-2.3,57.912127272727254,37.166454545454535,-5.872563636363635,T1067_AlphaFold,HMDB0010632,THR,177,CA,23.866630792685843,-2.5,11.063345454545454,12.45210909090909,8.785836363636363
T1067_Target,HMDB0010637,VAL,129,CA,5.6832331270323735,-2.7,69.80994545454544,31.381490909090907,-23.038636363636368,T1067_AlphaFold,HMDB0010637,VAL,129,CA,34.209010769785095,-3.4,-14.132836363636363,-3.538163636363636,7.774890909090909
T1067_Target,HMDB0010639,GLN,79,CA,5.698981800112885,-3.1,43.84808771929825,25.964684210526304,19.765684210526313,T1067_AlphaFold,HMDB0010639,GLN,79,CA,37.68899668185106,-3.8,3.1835614035087714,17.955754385964912,-0.21198245614035074
T1067_Target,HMDB0010645,TYR,159,CA,5.810159406132567,-1.9,51.20903773584905,11.078396226415089,-8.801641509433964,T1067_AlphaFold,HMDB0010645,TYR,159,CA,35.22278784031018,-2.3,-10.467509433962265,-14.917094339622642,10.630886792452824
T1067_Target,HMDB0010650,GLU,176,CA,3.7862897542066,-3.0,52.314745454545466,28.669563636363634,-4.920218181818183,T1067_AlphaFold,HMDB0010650,GLU,176,CA,16.513577241062244,-3.2,-15.395836363636361,-9.852563636363636,8.648545454545458
T1067_Target,HMDB0010651,THR,218,CA,5.441912676973217,-2.7,53.231381818181795,7.866036363636361,15.00901818181818,T1067_AlphaFold,HMDB0010651,THR,218,CA,30.545000176501546,-3.0,-4.70710909090909,24.358981818181817,-4.957454545454545
T1067_Target,HMDB0010653,THR,177,CA,3.8638194703367867,-2.8,56.230614035087726,31.20349122807017,-7.6953508771929835,T1067_AlphaFold,HMDB0010653,THR,177,CA,21.186899827017783,-2.2,-10.13573684210526,-15.556263157894737,11.410964912280699
T1067_Target,HMDB0010655,THR,177,CA,4.318732898925598,-2.3,54.038543859649124,34.158245614035096,-2.7354035087719297,T1067_AlphaFold,HMDB0010655,THR,177,CA,21.117579166334718,-2.4,-8.071789473684213,-15.651456140350874,10.278122807017546
T1067_Target,HMDB0010662,PRO,241,CA,7.643493054707075,-2.2,52.314800000000005,41.997327272727254,21.795145454545455,T1067_AlphaFold,HMDB0010662,PRO,241,CA,12.359246119323641,-3.0,-16.23114545454545,-3.476254545454547,5.242454545454545
T1067_Target,HMDB0010677,ASP,118,CA,6.844643981034183,-2.4,78.6197090909091,22.207454545454546,-5.162163636363634,T1067_AlphaFold,HMDB0010677,ASP,118,CA,29.748925712607086,-1.8,-6.886872727272727,16.69352727272727,-13.656600000000003
T1067_Target,HMDB0010678,TYR,121,CA,5.614496097816499,-3.0,75.57787272727272,25.96418181818182,-17.705036363636367,T1067_AlphaFold,HMDB0010678,TYR,121,CA,19.411501027053674,-1.6,4.216327272727274,-1.3367272727272732,20.0664
T1067_Target,HMDB0010679,THR,177,CA,5.771438589301846,-3.3,59.17634545454545,35.81823636363635,-5.938181818181816,T1067_AlphaFold,HMDB0010679,THR,177,CA,27.158190802636263,-2.4,7.369981818181819,22.328600000000005,-4.520945454545454
T1067_Target,HMDB0010684,LYS,134,CA,2.9308409247190585,-3.0,58.90454385964911,31.683754385964914,-14.776684210526323,T1067_AlphaFold,HMDB0010684,LYS,134,CA,30.670644448155787,-2.7,-17.093333333333334,-3.9050175438596493,3.801561403508772
T1067_Target,HMDB0011134,TYR,149,CA,5.699693538453772,-5.8,52.741083333333336,33.47295833333334,4.239916666666667,T1067_AlphaFold,HMDB0011134,TYR,149,CA,6.495161725089639,-4.5,-13.232374999999998,-3.1329999999999996,2.4636666666666662
T1067_Target,HMDB0011181,TYR,149,CA,6.786205006400037,-7.0,52.348166666666664,34.17016666666667,3.4389999999999996,T1067_AlphaFold,HMDB0011181,TYR,149,CA,17.052208893115413,-7.6,-4.785366666666666,11.438799999999997,0.06840000000000006
T1067_Target,HMDB0011214,GLU,54,CA,6.634318644834572,-2.4,71.87639215686276,40.453509803921555,2.3692745098039216,T1067_AlphaFold,HMDB0011214,GLU,54,CA,9.480731780886693,-3.4,-9.356803921568627,5.062019607843135,7.966941176470587
T1067_Target,HMDB0011237,GLU,163,CA,3.5757556902494594,-3.4,57.696244897959204,22.35638775510203,-13.846510204081634,T1067_AlphaFold,HMDB0011237,GLU,163,CA,38.32080190492366,-2.9,-16.93644897959184,-19.933959183673466,-6.382326530612245
T1067_Target,HMDB0011244,VAL,233,CA,7.666348263763994,-3.0,51.011566037735854,35.68592452830189,3.360188679245284,T1067_AlphaFold,HMDB0011244,VAL,233,CA,23.058807715619874,-2.6,-9.386490566037736,11.125547169811318,-3.8930943396226434
T1067_Target,HMDB0011254,THR,177,CA,4.775225686120851,-3.5,57.32014545454546,35.51339999999999,-5.333836363636363,T1067_AlphaFold,HMDB0011254,THR,177,CA,23.022619675211192,-2.4,5.818400000000001,19.975654545454546,2.0061090909090917
T1067_Target,HMDB0011269,THR,110,CA,4.505491201949624,-2.9,69.50938775510204,11.935204081632653,15.788408163265306,T1067_AlphaFold,HMDB0011269,THR,110,CA,22.4183942200335,-3.5,4.162836734693879,14.429979591836736,2.4558979591836736
T1067_Target,HMDB0011280,ASP,118,CA,6.595540970252638,-2.4,78.62143396226413,24.461830188679244,-9.298962264150948,T1067_AlphaFold,HMDB0011280,ASP,118,CA,34.25857956082613,-1.5,-17.818169811320757,3.5396603773584894,-12.67584905660377
T1067_Target,HMDB0011303,TYR,159,CA,4.772356027597289,-2.7,51.18748979591835,13.413734693877547,-7.545734693877552,T1067_AlphaFold,HMDB0011303,TYR,159,CA,15.489793057594312,-2.7,-9.742530612244899,10.041816326530615,2.7767551020408154
T1067_Target,HMDB0011308,ALA,90,CA,5.414997103163512,-2.7,77.96811320754716,30.208547169811297,5.0917358490566045,T1067_AlphaFold,HMDB0011308,ALA,90,CA,12.025850956732128,-1.8,10.991773584905664,-11.91211320754717,12.746566037735846
T1067_Target,HMDB0011537,TYR,149,CA,6.32807046332069,-4.2,53.22062962962964,34.12948148148149,3.421444444444444,T1067_AlphaFold,HMDB0011537,TYR,149,CA,8.228267258303783,-3.5,-13.965888888888887,-3.1835555555555555,4.782444444444445
T1067_Target,HMDB0011538,LYS,152,CA,6.078992810365658,-4.3,50.98737037037037,31.06262962962963,2.631592592592593,T1067_AlphaFold,HMDB0011538,LYS,152,CA,27.551920658554984,-4.2,15.785925925925927,-1.5481851851851853,-4.701481481481482
T1067_Target,HMDB0011567,SER,206,CA,4.8827888310038015,-4.6,65.30685185185187,19.31225925925926,-7.511222222222221,T1067_AlphaFold,HMDB0011567,SER,206,CA,20.25024510156668,-3.0,-14.719222222222221,-1.2676296296296297,2.712074074074074
T1067_Target,HMDB0011568,THR,236,CA,5.871886101666703,-4.6,54.048629629629616,35.06707407407407,3.2866296296296293,T1067_AlphaFold,HMDB0011568,THR,236,CA,7.608982511935551,-3.7,-14.461000000000004,-2.9247037037037042,2.780962962962963
T1067_Target,HMDB0011578,THR,236,CA,5.366000120545845,-5.0,53.65882758620689,34.84758620689655,4.419241379310345,T1067_AlphaFold,HMDB0011578,THR,236,CA,7.8321320263691945,-4.2,-13.05831034482759,-0.8638965517241382,5.824620689655173
T1067_Target,HMDB0011616,TYR,149,CA,5.867011535560508,-6.5,52.74472,33.35504000000001,3.7987199999999994,T1067_AlphaFold,HMDB0011616,TYR,149,CA,5.6581988276129005,-6.8,-12.955,-4.56428,1.8208800000000003
T1067_Target,HMDB0011628,TYR,57,CA,5.937878467353582,-7.9,54.33922857142857,36.95785714285713,2.034142857142857,T1067_AlphaFold,HMDB0011628,TYR,57,CA,5.637356349298806,-7.2,-13.963085714285713,-3.2961714285714288,6.878028571428572
T1067_Target,HMDB0011694,ASP,55,CA,5.665701485097831,-2.7,62.47339285714286,39.87369642857143,-6.162267857142855,T1067_AlphaFold,HMDB0011694,ASP,55,CA,7.7463738514211995,-2.8,-14.21935714285714,-2.1946607142857144,9.68567857142857
T1067_Target,HMDB0011720,HIS,140,CA,5.354214139759441,-7.1,62.66268,26.642520000000005,-9.192040000000002,T1067_AlphaFold,HMDB0011720,HIS,140,CA,5.192364939177524,-7.2,-3.7626600000000003,10.259940000000002,6.337319999999998
T1067_Target,HMDB0011729,THR,236,CA,5.960109979679615,-6.5,52.96873333333333,35.08204444444444,4.238911111111112,T1067_AlphaFold,HMDB0011729,THR,236,CA,21.783175708018785,-6.8,-1.1893555555555555,12.420066666666667,2.1288666666666667
T1067_Target,HMDB0011730,TYR,149,CA,6.182174669279532,-6.3,51.85415555555555,33.20264444444444,4.103155555555555,T1067_AlphaFold,HMDB0011730,TYR,149,CA,17.531853497611955,-6.9,-2.4321111111111113,11.040222222222225,3.216
T1067_Target,HMDB0011740,SER,164,CA,4.902166703740212,-5.8,63.92629032258066,20.407677419354837,-7.057903225806451,T1067_AlphaFold,HMDB0011740,SER,164,CA,23.25643483541495,-6.3,-12.606032258064518,-3.5948709677419344,2.0144516129032257
T1067_Target,HMDB0011742,SER,164,CA,4.898643030054355,-6.2,62.79732258064518,21.794258064516125,-8.348548387096775,T1067_AlphaFold,HMDB0011742,SER,164,CA,22.48198471032058,-6.2,-12.572483870967739,-2.8031612903225804,1.6543548387096774
T1067_Target,HMDB0011759,ASP,235,CA,5.08503756228623,-4.1,52.403948717948715,40.688820512820506,6.708358974358975,T1067_AlphaFold,HMDB0011759,ASP,235,CA,33.05665213970908,-3.3,16.734564102564104,0.1586153846153846,-7.505589743589741
T1067_Target,HMDB0011760,ASP,55,CA,5.637042344352998,-3.8,58.36026829268291,36.70529268292683,-3.0258780487804877,T1067_AlphaFold,HMDB0011760,ASP,55,CA,28.37607939444981,-2.7,-14.284146341463414,-23.908463414634145,-1.2273170731707317
T1067_Target,HMDB0011761,VAL,53,CA,5.7420693257010855,-2.8,73.73713953488372,39.463046511627894,-0.2581627906976744,T1067_AlphaFold,HMDB0011761,VAL,53,CA,18.203021087285606,-3.3,5.391534883720933,14.89095348837209,5.805790697674418
T1067_Target,HMDB0011762,GLN,79,CA,4.6136351792044605,-3.5,45.17302325581394,31.039767441860466,21.427976744186044,T1067_AlphaFold,HMDB0011762,GLN,79,CA,23.53343048616731,-2.9,-11.415232558139536,6.023767441860465,-14.693116279069772
T1067_Target,HMDB0011763,PRO,60,CA,7.232888885879469,-1.9,69.38848837209304,43.1636046511628,3.6187209302325574,T1067_AlphaFold,HMDB0011763,PRO,60,CA,37.9712651940587,-2.4,6.509093023255813,20.910046511627908,-10.384720930232556
T1067_Target,HMDB0011764,LYS,134,CA,3.2919482672982476,-3.5,61.195400000000035,30.20939999999999,-11.41291111111111,T1067_AlphaFold,HMDB0011764,LYS,134,CA,42.05018160073527,-1.8,5.522422222222222,-17.160355555555558,9.460511111111112
T1067_Target,HMDB0011765,ALA,136,CA,6.4710890216990355,-1.9,59.13819148936173,35.99565957446808,-11.338319148936169,T1067_AlphaFold,HMDB0011765,ALA,136,CA,29.699327063738856,-3.2,15.816999999999995,-1.1555106382978728,-8.32623404255319
T1067_Target,HMDB0011768,ALA,225,CA,6.278602807578039,-2.2,46.69767346938775,14.680081632653062,19.82957142857142,T1067_AlphaFold,HMDB0011768,ALA,225,CA,34.370090145838574,-2.0,8.984326530612247,-11.238469387755103,11.723000000000003
T1067_Target,HMDB0011769,ARG,250,CA,6.71538636338814,-2.6,38.528020408163265,39.346530612244905,9.489183673469388,T1067_AlphaFold,HMDB0011769,ARG,250,CA,32.41626780642258,-1.8,-11.278000000000004,14.419020408163263,-13.57538775510204
T1067_Target,HMDB0011771,TYR,76,CA,5.941922461222351,-2.8,46.67443137254902,35.896274509803916,22.495137254901955,T1067_AlphaFold,HMDB0011771,TYR,76,CA,29.001145500112983,-2.2,-8.124764705882349,6.184960784313726,-18.153647058823527
T1067_Target,HMDB0011772,THR,218,CA,5.972445222695692,-2.6,52.9737843137255,8.818235294117647,16.67241176470588,T1067_AlphaFold,HMDB0011772,THR,218,CA,28.393108618472493,-3.3,4.79921568627451,20.625039215686275,-0.46682352941176447
T1067_Target,HMDB0011773,GLY,254,CA,5.726988993036765,-4.8,46.98453846153846,31.591179487179488,4.728410256410256,T1067_AlphaFold,HMDB0011773,GLY,254,CA,36.54619780568967,-3.7,4.365307692307693,23.75551282051282,0.8252820512820509
T1067_Target,HMDB0011774,SER,139,CA,6.32617078653773,-3.4,74.49295348837208,30.33369767441861,-17.096511627906978,T1067_AlphaFold,HMDB0011774,SER,139,CA,15.122597656968116,-2.8,0.9484651162790713,2.6927209302325585,19.41025581395349
T1067_Target,HMDB0012108,PRO,60,CA,4.196844464935172,-3.4,65.11948571428573,41.31034285714285,7.96237142857143,T1067_AlphaFold,HMDB0012108,PRO,60,CA,33.94913357407231,-3.1,5.380542857142856,24.12702857142857,5.872142857142856
T1067_Target,HMDB0012173,TYR,149,CA,6.422761539551757,-7.6,52.2993125,33.64490624999999,3.5740000000000003,T1067_AlphaFold,HMDB0012173,TYR,149,CA,17.271170728076292,-7.5,-1.36421875,10.586781250000001,1.9336874999999998
T1067_Target,HMDB0012252,TYR,149,CA,5.8485653548883185,-4.6,53.107920000000014,33.31584,3.465280000000001,T1067_AlphaFold,HMDB0012252,TYR,149,CA,6.446090433247117,-4.7,-13.40168,-3.0892399999999998,1.8424399999999996
T1067_Target,HMDB0012335,SER,164,CA,4.28068622353026,-4.9,64.19341509433961,20.3582641509434,-9.081018867924529,T1067_AlphaFold,HMDB0012335,SER,164,CA,28.54765082468338,-2.6,1.2836792452830192,-1.7365660377358485,19.343528301886796
T1067_Target,HMDB0012358,GLU,54,CA,8.31597843960254,-2.5,75.05589090909093,36.61987272727272,2.2173272727272737,T1067_AlphaFold,HMDB0012358,GLU,54,CA,7.585578118883621,-2.3,-8.221018181818183,4.304072727272727,18.885345454545458
T1067_Target,HMDB0012361,LYS,134,CA,4.70231023795993,-2.6,56.78570175438597,31.03180701754386,-12.046789473684209,T1067_AlphaFold,HMDB0012361,LYS,134,CA,45.776747498768636,-2.5,5.869807017543859,-20.954964912280705,-10.216701754385966
T1067_Target,HMDB0012365,VAL,233,CA,7.001895293156936,-2.7,48.024509433962244,35.86456603773585,3.8430566037735847,T1067_AlphaFold,HMDB0012365,VAL,233,CA,8.288721431179125,-2.5,-16.661245283018868,-9.464981132075472,7.777452830188678
T1067_Target,HMDB0012368,LYS,134,CA,1.5913004156640407,-3.5,59.18580000000001,28.98858181818182,-13.410327272727272,T1067_AlphaFold,HMDB0012368,LYS,134,CA,14.095464398284498,-3.4,8.627945454545454,15.263654545454543,2.9999090909090915
T1067_Target,HMDB0012375,ALA,136,CA,5.550622957575031,-2.1,61.308132075471704,37.49666037735848,-10.978905660377357,T1067_AlphaFold,HMDB0012375,ALA,136,CA,39.62120220489615,-1.9,9.934622641509435,-15.006094339622644,-12.621169811320755
T1067_Target,HMDB0012380,TYR,121,CA,7.532338890312257,-1.4,72.60070175438597,22.667877192982452,-21.39457894736843,T1067_AlphaFold,HMDB0012380,TYR,121,CA,35.23226002286199,-2.4,-5.93856140350877,-17.238491228070178,10.795087719298243
T1067_Target,HMDB0012385,HIS,155,CA,5.3032431411513405,-2.4,48.03147169811321,16.320188679245284,-3.3709056603773577,T1067_AlphaFold,HMDB0012385,HIS,155,CA,20.712472719351382,-2.6,7.040169811320755,20.14526415094339,-7.1002264150943395
T1067_Target,HMDB0012388,PRO,60,CA,4.962927941220983,-2.8,66.90623636363637,42.872236363636354,7.5627272727272725,T1067_AlphaFold,HMDB0012388,PRO,60,CA,23.211328435774384,-2.6,-6.75330909090909,13.814654545454546,15.303581818181817
T1067_Target,HMDB0012392,LYS,134,CA,6.132950203317175,-3.7,55.87408771929824,26.975017543859654,-10.917368421052632,T1067_AlphaFold,HMDB0012392,LYS,134,CA,45.81617441204245,-2.3,-13.886368421052632,-20.45678947368421,-10.089491228070175
T1067_Target,HMDB0012402,ARG,237,CA,5.975714232730564,-2.8,63.067561403508776,43.11189473684208,7.1855789473684215,T1067_AlphaFold,HMDB0012402,ARG,237,CA,20.633834056168396,-2.4,-19.16124561403509,0.04864912280701701,-5.771157894736844
T1067_Target,HMDB0012412,GLY,179,CA,4.824903774422945,-3.3,54.96542105263158,25.756421052631566,-7.446087719298245,T1067_AlphaFold,HMDB0012412,GLY,179,CA,10.26612584509579,-3.5,-1.1556842105263159,12.174140350877186,7.314894736842105
T1067_Target,HMDB0012420,LYS,242,CA,5.931689057182515,-1.8,53.64171929824561,45.7750701754386,10.626929824561401,T1067_AlphaFold,HMDB0012420,LYS,242,CA,37.74688350997068,-3.2,-2.7523859649122806,19.39314035087719,-7.160052631578946
T1067_Target,HMDB0012421,TYR,57,CA,5.995897283341269,-2.9,56.75431578947369,37.323912280701755,-2.003192982456141,T1067_AlphaFold,HMDB0012421,TYR,57,CA,16.889720182888276,-2.0,2.342035087719299,-16.11942105263158,11.018894736842105
T1067_Target,HMDB0012454,THR,236,CA,6.431728154989729,-6.7,52.361090909090926,34.57024242424243,4.432848484848484,T1067_AlphaFold,HMDB0012454,THR,236,CA,19.923030397816575,-7.2,-2.7756363636363632,11.206454545454546,3.677878787878788
T1067_Target,HMDB0012598,THR,236,CA,6.022582702605421,-5.5,52.68025000000002,34.58991666666666,4.704583333333333,T1067_AlphaFold,HMDB0012598,THR,236,CA,6.983513731883313,-4.4,-13.780500000000004,-3.0430000000000006,3.0132083333333335
T1067_Target,HMDB0012611,THR,236,CA,5.516155771125351,-4.6,53.62562499999999,35.070541666666664,4.162624999999999,T1067_AlphaFold,HMDB0012611,THR,236,CA,5.340771162261016,-5.4,-12.543708333333333,-3.53425,5.323208333333333
T1067_Target,HMDB0013078,SER,205,CA,4.895429956357253,-4.5,69.27616,16.167640000000002,-4.988319999999999,T1067_AlphaFold,HMDB0013078,SER,205,CA,22.81034980007102,-3.8,-14.43704,-3.03592,2.06944
T1067_Target,HMDB0013122,TYR,57,CA,5.79975025218804,-3.6,54.23094285714285,38.424685714285715,2.5989999999999998,T1067_AlphaFold,HMDB0013122,TYR,57,CA,15.872130427942954,-3.4,-7.663457142857145,9.910657142857142,3.8652285714285717
T1067_Target,HMDB0013205,THR,150,CA,6.064164319049239,-4.2,50.71059090909089,33.104681818181824,5.403727272727273,T1067_AlphaFold,HMDB0013205,THR,150,CA,21.084159576014873,-4.1,-2.936999999999999,13.16609090909091,4.0121363636363645
T1067_Target,HMDB0013207,TYR,149,CA,6.909018910811362,-4.2,52.587607142857124,33.77960714285713,2.642035714285714,T1067_AlphaFold,HMDB0013207,TYR,149,CA,17.229415735723244,-4.1,-4.431464285714286,10.342857142857143,6.234964285714285
T1067_Target,HMDB0013288,GLU,163,CA,5.450838480300248,-4.9,61.487619047619035,24.154142857142855,-10.653142857142857,T1067_AlphaFold,HMDB0013288,GLU,163,CA,20.61460070742411,-4.3,-13.220380952380955,-2.5698095238095235,3.194380952380952
T1067_Target,HMDB0013302,SER,164,CA,4.600601184100176,-7.0,63.506259259259245,20.653370370370368,-7.5127037037037026,T1067_AlphaFold,HMDB0013302,SER,164,CA,23.590165997918028,-6.2,-12.635518518518516,-3.6914444444444454,3.2954814814814806
T1067_Target,HMDB0013325,THR,236,CA,6.320035152147505,-4.8,52.873636363636365,34.36995454545455,4.0080909090909085,T1067_AlphaFold,HMDB0013325,THR,236,CA,10.291241595274789,-4.8,-4.296500000000001,-16.711363636363632,5.60809090909091
T1067_Target,HMDB0013326,TYR,149,CA,5.648033142933977,-5.4,52.12574999999999,33.207458333333335,4.869166666666665,T1067_AlphaFold,HMDB0013326,TYR,149,CA,26.280430024630757,-4.0,2.9521250000000006,18.667916666666667,0.17741666666666656
T1067_Target,HMDB0013327,THR,236,CA,6.058369477169038,-4.4,53.79046153846154,35.17176923076923,3.2323846153846167,T1067_AlphaFold,HMDB0013327,THR,236,CA,19.379435283676386,-4.6,-2.5755,10.50173076923077,3.164230769230769
T1067_Target,HMDB0013328,THR,236,CA,5.717869037989673,-4.5,53.545428571428566,35.25585714285714,3.91052380952381,T1067_AlphaFold,HMDB0013328,THR,236,CA,6.320848159346557,-4.6,-12.870047619047622,-3.141142857142857,3.0583809523809524
T1067_Target,HMDB0013329,THR,150,CA,5.653544109540563,-5.0,49.34665384615384,30.785730769230774,4.438192307692307,T1067_AlphaFold,HMDB0013329,THR,150,CA,8.52036753051355,-4.2,-13.875730769230767,-2.9271923076923083,3.47723076923077
T1067_Target,HMDB0013330,THR,236,CA,5.68065459364014,-4.3,53.81485714285715,35.293285714285716,3.6947142857142863,T1067_AlphaFold,HMDB0013330,THR,236,CA,6.617610341843919,-4.6,-13.235535714285716,-2.670178571428572,3.9536785714285725
T1067_Target,HMDB0013331,LYS,152,CA,5.717991383349496,-5.0,48.870192307692314,30.451038461538456,4.376192307692309,T1067_AlphaFold,HMDB0013331,LYS,152,CA,13.517993660215748,-3.9,-7.073538461538463,9.993538461538462,2.0476923076923073
T1067_Target,HMDB0013332,THR,236,CA,6.855217526208239,-4.9,54.02557142857143,34.56664285714286,2.1948571428571433,T1067_AlphaFold,HMDB0013332,THR,236,CA,21.23414825111323,-4.7,-0.9093571428571432,11.62575,1.6962142857142857
T1067_Target,HMDB0013333,GLU,163,CA,3.256513978679241,-5.1,61.22406666666665,21.94566666666667,-11.841666666666665,T1067_AlphaFold,HMDB0013333,GLU,163,CA,6.991072410899806,-4.0,-6.262600000000001,10.916833333333335,3.421
T1067_Target,HMDB0013334,LYS,134,CA,5.229770802500205,-4.7,61.81082142857143,28.27189285714286,-9.48382142857143,T1067_AlphaFold,HMDB0013334,LYS,134,CA,12.25436709277096,-4.7,-2.8314999999999997,11.19467857142857,3.341249999999999
T1067_Target,HMDB0013335,THR,150,CA,6.37350285156356,-4.6,50.93376666666667,32.41503333333333,3.6828999999999996,T1067_AlphaFold,HMDB0013335,THR,150,CA,29.74297513176664,-3.4,3.4128666666666665,21.34006666666667,-3.254000000000001
T1067_Target,HMDB0013336,SER,206,CA,4.434836477631769,-5.3,67.17593333333333,18.171533333333333,-6.281833333333334,T1067_AlphaFold,HMDB0013336,SER,206,CA,18.56493536811325,-4.1,16.32,0.5560666666666667,-5.138533333333333
T1067_Target,HMDB0013337,GLU,163,CA,4.616766362461456,-3.9,60.26486666666666,17.447166666666664,-16.164,T1067_AlphaFold,HMDB0013337,GLU,163,CA,8.646323993916592,-3.6,-4.5847,11.3407,5.895166666666666
T1067_Target,HMDB0013338,GLY,135,CA,5.170955849206661,-3.6,61.77969999999998,31.325499999999998,-9.265766666666662,T1067_AlphaFold,HMDB0013338,GLY,135,CA,6.098836930468337,-3.4,4.078600000000001,18.742433333333334,-0.5687
T1067_Target,HMDB0013339,SER,206,CA,5.257419239100498,-4.4,69.24559375,17.696375,-6.774499999999998,T1067_AlphaFold,HMDB0013339,SER,206,CA,21.58704773146949,-3.5,-15.210093749999997,-2.6712812500000007,0.7952187500000001
T1067_Target,HMDB0013340,LYS,152,CA,6.737069412696028,-3.9,50.51578125,31.672812500000003,1.9670312500000005,T1067_AlphaFold,HMDB0013340,LYS,152,CA,6.842212482399013,-3.6,-15.4685625,-0.49190625000000016,0.13628124999999927
T1067_Target,HMDB0013428,GLY,135,CA,5.620693612979918,-3.4,62.95969811320756,33.575886792452835,-9.08466037735849,T1067_AlphaFold,HMDB0013428,GLY,135,CA,6.073950505094762,-3.4,-0.685641509433963,14.454245283018878,2.317415094339622
T1067_Target,HMDB0013464,GLU,163,CA,3.0991902421761717,-3.6,58.042599999999986,22.150339999999996,-10.97296,T1067_AlphaFold,HMDB0013464,GLU,163,CA,9.254573150718512,-3.7,1.6953599999999998,19.985599999999994,1.7978199999999995
T1067_Target,HMDB0013467,THR,177,CA,3.1799828450897962,-2.7,54.84470689655173,30.24322413793103,-6.29701724137931,T1067_AlphaFold,HMDB0013467,THR,177,CA,24.57207458541167,-2.7,-19.74186206896551,-18.112431034482753,8.792396551724138
T1067_Target,HMDB0013620,THR,236,CA,6.443526228269734,-5.0,53.65764,34.60568,2.9663199999999996,T1067_AlphaFold,HMDB0013620,THR,236,CA,10.593768354348704,-4.4,-3.965479999999999,-16.859840000000002,6.02964
T1067_Target,HMDB0013621,THR,236,CA,5.907620834007554,-5.3,53.45567999999999,34.824079999999995,3.82964,T1067_AlphaFold,HMDB0013621,THR,236,CA,5.654404551922331,-4.7,-13.071039999999998,-3.6162400000000003,5.90524
T1067_Target,HMDB0013623,THR,236,CA,5.343507024827443,-4.3,53.96536363636363,35.95995454545454,3.9560909090909093,T1067_AlphaFold,HMDB0013623,THR,236,CA,6.803769907373361,-4.3,-13.043454545454544,-2.5334999999999996,3.231363636363636
T1067_Target,HMDB0013624,SER,164,CA,4.884655541591444,-4.6,63.363240000000005,20.9914,-7.297679999999999,T1067_AlphaFold,HMDB0013624,SER,164,CA,23.690650853971906,-4.1,-13.033879999999996,-2.8763999999999994,5.73552
T1067_Target,HMDB0013625,ASN,175,CA,6.111579725803791,-4.9,53.11962962962963,33.011296296296294,1.1269629629629623,T1067_AlphaFold,HMDB0013625,ASN,175,CA,7.467903966872916,-4.0,-14.186962962962964,-2.3056296296296295,3.550962962962962
T1067_Target,HMDB0013626,TYR,149,CA,6.514155208441618,-5.9,53.535241379310335,34.0683448275862,2.8496206896551723,T1067_AlphaFold,HMDB0013626,TYR,149,CA,18.198196193752334,-4.9,-3.8853793103448284,12.42848275862069,0.3388620689655173
T1067_Target,HMDB0013627,THR,150,CA,5.640900733296777,-5.5,51.29532142857143,32.384785714285705,4.672071428571428,T1067_AlphaFold,HMDB0013627,THR,150,CA,9.771632669717366,-4.9,-13.194857142857142,-3.282142857142857,5.394749999999999
T1067_Target,HMDB0013628,THR,236,CA,5.595531971007534,-5.6,53.510303030303035,35.78206060606059,4.062060606060605,T1067_AlphaFold,HMDB0013628,THR,236,CA,6.5316174396094615,-5.0,-13.33730303030303,-3.049878787878788,3.4862424242424246
T1067_Target,HMDB0013629,TYR,149,CA,5.953611259422324,-5.9,51.81884375,32.50343749999999,3.942,T1067_AlphaFold,HMDB0013629,TYR,149,CA,7.161609410573114,-5.1,-13.5440625,-3.0460937500000003,3.33484375
T1067_Target,HMDB0013630,GLU,163,CA,3.060511790297389,-5.3,61.71468965517241,20.986103448275863,-11.63403448275862,T1067_AlphaFold,HMDB0013630,GLU,163,CA,19.981800901330296,-4.6,-13.734793103448276,-1.7773793103448274,2.7569310344827582
T1067_Target,HMDB0013631,THR,236,CA,5.6649119980455005,-4.6,53.71820000000002,34.915839999999996,3.8905999999999996,T1067_AlphaFold,HMDB0013631,THR,236,CA,8.646243297802812,-3.3,-14.323800000000004,-12.312079999999998,10.47372
T1067_Target,HMDB0013633,THR,150,CA,5.592307801125854,-5.4,51.209782608695654,32.15869565217391,4.502521739130435,T1067_AlphaFold,HMDB0013633,THR,150,CA,8.424117081399938,-4.5,-13.22582608695652,-3.294782608695652,3.8550434782608693
T1067_Target,HMDB0013643,GLY,179,CA,5.795943435632639,-7.2,61.81564516129033,24.695967741935483,-8.272387096774194,T1067_AlphaFold,HMDB0013643,GLY,179,CA,4.579352104635656,-7.7,-5.670451612903226,10.762258064516129,-0.8625161290322582
T1067_Target,HMDB0013692,THR,150,CA,5.504190666210623,-6.6,51.27553333333333,32.289533333333345,4.794766666666667,T1067_AlphaFold,HMDB0013692,THR,150,CA,7.879174152296815,-6.3,-12.8515,-2.629466666666667,3.163233333333334
T1067_Target,HMDB0029205,ASP,55,CA,5.638966623375729,-3.1,58.48343181818182,36.95227272727272,-3.4190227272727283,T1067_AlphaFold,HMDB0029205,ASP,55,CA,12.056588286900846,-3.1,-13.72963636363636,2.2633181818181822,2.5444999999999998
T1067_Target,HMDB0029206,THR,177,CA,4.966716050050949,-2.7,57.23934782608696,29.799413043478253,-8.667826086956525,T1067_AlphaFold,HMDB0029206,THR,177,CA,27.188466859665166,-2.8,-18.70471739130435,-18.3076304347826,-8.32263043478261
T1067_Target,HMDB0029207,SER,164,CA,4.545791913193516,-5.0,62.49783333333334,21.51875,-8.386833333333334,T1067_AlphaFold,HMDB0029207,SER,164,CA,10.083675675748431,-4.5,-2.9188333333333336,9.627916666666666,5.038874999999999
T1067_Target,HMDB0029220,MET,107,CA,4.85996698380531,-2.2,56.426159090909096,12.12075,21.480363636363638,T1067_AlphaFold,HMDB0029220,MET,107,CA,34.297949761486116,-2.2,-18.511,-17.640500000000003,10.620977272727274
T1067_Target,HMDB0029221,GLU,54,CA,5.184305120753034,-3.1,71.4680652173913,37.51545652173913,2.1982608695652175,T1067_AlphaFold,HMDB0029221,GLU,54,CA,15.723086845911753,-3.2,-5.571478260869566,10.41513043478261,2.1516086956521736
T1067_Target,HMDB0030956,GLU,163,CA,5.319765337394731,-5.1,61.424517241379306,22.730310344827586,-8.667137931034484,T1067_AlphaFold,HMDB0030956,GLU,163,CA,21.94542564593389,-4.9,-13.398000000000003,-3.696551724137932,4.296448275862069
T1067_Target,HMDB0031035,LYS,152,CA,6.014884886748247,-4.5,49.651258064516135,31.015129032258066,3.549612903225807,T1067_AlphaFold,HMDB0031035,LYS,152,CA,7.531235046159394,-4.7,-14.015451612903227,-2.80183870967742,1.0908387096774195
T1067_Target,HMDB0031452,THR,236,CA,5.856534588568307,-6.9,52.88219354838708,35.347774193548375,4.470516129032259,T1067_AlphaFold,HMDB0031452,THR,236,CA,18.852701036661337,-7.0,-4.656225806451613,10.404677419354838,2.0783548387096773
T1067_Target,HMDB0033844,THR,236,CA,6.144326835721902,-5.9,53.4305,36.700761904761904,3.415928571428572,T1067_AlphaFold,HMDB0033844,THR,236,CA,8.037686485777533,-5.5,-14.526095238095238,-1.7813809523809523,4.390357142857142
T1067_Target,HMDB0034369,TYR,149,CA,5.73954384348181,-7.8,52.483166666666676,32.90679166666667,3.863791666666668,T1067_AlphaFold,HMDB0034369,TYR,149,CA,8.958189739256131,-7.1,-13.135083333333329,-2.649375,6.509416666666667
T1067_Target,HMDB0035159,THR,236,CA,5.446792207269664,-4.5,53.05445454545455,35.18122727272727,4.994,T1067_AlphaFold,HMDB0035159,THR,236,CA,7.168640801729075,-4.0,-13.147727272727273,-2.2066363636363637,3.0496818181818184
T1067_Target,HMDB0059759,ARG,178,CA,5.845648343065226,-8.6,62.315374999999996,26.19150000000001,-8.736812500000003,T1067_AlphaFold,HMDB0059759,ARG,178,CA,10.303617958189266,-8.6,-0.6876562499999999,12.65675,1.1741875
T1067_Target,HMDB0060524,HIS,140,CA,5.32335202858573,-5.7,63.3099090909091,25.30968181818182,-9.17072727272727,T1067_AlphaFold,HMDB0060524,HIS,140,CA,8.926443445328301,-6.4,-0.943090909090909,9.347499999999998,2.248227272727273
T1067_Target,HMDB0062544,TYR,149,CA,6.046699150324953,-7.2,52.30188888888889,33.51481481481482,4.134555555555555,T1067_AlphaFold,HMDB0062544,TYR,149,CA,17.18643374810644,-7.0,-3.0531481481481486,10.782592592592593,3.5814444444444438
T1067_Target,YMDB00008,GLY,179,CA,4.814978756289286,-6.2,60.87987096774193,23.917032258064516,-7.514774193548388,T1067_AlphaFold,YMDB00008,GLY,179,CA,11.814285847232785,-7.0,-12.440806451612904,-3.565129032258065,2.8718387096774185
T1067_Target,YMDB00011,TYR,149,CA,5.136007339306866,-5.1,52.44273913043478,33.03069565217391,5.346521739130434,T1067_AlphaFold,YMDB00011,TYR,149,CA,17.399213686522238,-5.3,-2.754739130434783,11.318086956521737,-0.4350869565217391
T1067_Target,YMDB00023,THR,150,CA,5.188577305581953,-7.2,50.88363999999998,32.36308,5.8834,T1067_AlphaFold,YMDB00023,THR,150,CA,17.956924521353873,-7.1,-2.8324399999999996,10.96988,-0.5117599999999999
T1067_Target,YMDB00057,THR,236,CA,5.748629388610812,-5.2,54.01326000000001,36.371700000000004,3.394500000000001,T1067_AlphaFold,YMDB00057,THR,236,CA,18.244081156934158,-5.2,-7.217840000000001,10.18504,1.8714399999999998
T1067_Target,YMDB00097,THR,150,CA,5.327996920402034,-6.6,50.58585185185184,32.45396296296297,6.05088888888889,T1067_AlphaFold,YMDB00097,THR,150,CA,6.994807518499026,-6.8,-12.70877777777778,-3.2789629629629617,2.438148148148148
T1067_Target,YMDB00108,SER,164,CA,4.954162531880666,-5.4,63.08090476190476,21.196761904761907,-7.23457142857143,T1067_AlphaFold,YMDB00108,SER,164,CA,7.542642306644694,-5.3,-2.5405238095238096,10.147666666666666,1.0862380952380952
T1067_Target,YMDB00109,TYR,149,CA,6.370106793709618,-6.5,51.63831428571428,33.546714285714295,4.4292,T1067_AlphaFold,YMDB00109,TYR,149,CA,16.275234561223904,-7.4,-3.3064285714285715,9.30405714285714,5.475085714285714
T1067_Target,YMDB00110,VAL,233,CA,6.697946176808684,-7.8,51.63817307692308,34.32998076923077,4.71673076923077,T1067_AlphaFold,YMDB00110,VAL,233,CA,28.888028435114318,-7.7,-1.0412115384615388,13.973596153846156,3.0722884615384625
T1067_Target,YMDB00143,HIS,140,CA,5.545760134723953,-7.7,62.68596153846154,26.586730769230766,-8.482884615384616,T1067_AlphaFold,YMDB00143,HIS,140,CA,6.605143160371991,-8.3,-2.356557692307693,10.869615384615381,4.235307692307691
T1067_Target,YMDB00160,TYR,149,CA,5.20905927321184,-5.3,52.644730769230776,32.343230769230765,4.119038461538461,T1067_AlphaFold,YMDB00160,TYR,149,CA,6.278824124004233,-5.2,-12.553615384615386,-2.937961538461538,3.0679999999999996
T1067_Target,YMDB00259,THR,150,CA,5.917473847833715,-4.9,50.74,31.918857142857146,3.9660714285714285,T1067_AlphaFold,YMDB00259,THR,150,CA,22.3218077877502,-4.4,1.2149285714285718,13.63707142857143,0.9617857142857144
T1067_Target,YMDB00349,SER,164,CA,5.651413362356546,-6.7,61.3845,22.639066666666658,-7.680066666666666,T1067_AlphaFold,YMDB00349,SER,164,CA,6.964398901317087,-7.1,-1.9983666666666668,10.523966666666668,0.26643333333333324
T1067_Target,YMDB00415,ARG,178,CA,5.646089519872516,-7.2,61.874953488372086,25.533162790697673,-8.257023255813953,T1067_AlphaFold,YMDB00415,ARG,178,CA,9.571767470620454,-7.1,-0.98753488372093,12.66906976744186,3.8341860465116286
T1067_Target,YMDB00426,ARG,178,CA,5.072544080009201,-7.0,61.60987272727273,29.672581818181815,-8.799872727272728,T1067_AlphaFold,YMDB00426,ARG,178,CA,6.421452727632829,-7.4,-4.878800000000001,11.175745454545451,2.7513454545454534
T1067_Target,YMDB00427,ARG,178,CA,5.577046877134186,-7.5,62.21592727272728,31.932272727272736,-8.090909090909092,T1067_AlphaFold,YMDB00427,ARG,178,CA,7.031529091618758,-7.5,-5.000945454545455,12.076127272727268,3.561272727272727
T1067_Target,YMDB00534,THR,236,CA,5.893536114099892,-6.6,52.66487096774195,34.826032258064515,4.881322580645162,T1067_AlphaFold,YMDB00534,THR,236,CA,19.02662564546466,-7.3,-3.120129032258064,10.154290322580646,2.1436451612903227
T1067_Target,YMDB00658,THR,150,CA,5.923820289304796,-6.4,51.439709677419344,32.531806451612894,4.312612903225807,T1067_AlphaFold,YMDB00658,THR,150,CA,18.355508558274337,-6.5,-2.115290322580645,10.086225806451614,3.0026774193548396
T1067_Target,YMDB00700,GLY,179,CA,5.1504787593846455,-6.6,61.26069696969698,24.377818181818178,-7.813151515151514,T1067_AlphaFold,YMDB00700,GLY,179,CA,8.89045061040298,-7.2,-0.05345454545454552,12.207151515151516,1.137909090909091
T1067_Target,YMDB00744,HIS,140,CA,6.348568596437583,-7.1,63.06488571428571,24.100057142857146,-8.644914285714286,T1067_AlphaFold,YMDB00744,HIS,140,CA,8.49353732544783,-6.6,-2.653742857142857,10.960628571428567,2.321257142857143
T1067_Target,YMDB00745,THR,150,CA,5.6311343353915655,-6.2,50.15735483870968,31.454129032258063,4.3382258064516135,T1067_AlphaFold,YMDB00745,THR,150,CA,19.819100167057076,-6.5,-2.2598064516129033,12.316451612903226,1.5706451612903225
T1067_Target,YMDB00914,HIS,140,CA,5.374564931984405,-6.4,62.572709677419354,26.821161290322575,-9.280967741935486,T1067_AlphaFold,YMDB00914,HIS,140,CA,9.991093172286769,-6.8,0.2436774193548387,12.263709677419357,0.8564838709677419
T1067_Target,YMDB01107,LYS,248,CA,4.918827831508954,-2.6,39.41037735849056,41.092528301886794,14.192943396226415,T1067_AlphaFold,YMDB01107,LYS,248,CA,51.86062979829867,-2.1,5.891660377358491,23.83232075471698,-4.3340943396226415
T1067_Target,YMDB01108,SER,206,CA,3.7245606783494587,-4.5,66.24833962264151,20.025490566037742,-7.043150943396225,T1067_AlphaFold,YMDB01108,SER,206,CA,11.910485841015388,-3.2,6.592169811320757,19.63062264150943,8.008792452830185
T1067_Target,YMDB01109,THR,238,CA,4.248123182055506,-2.8,61.09572727272729,40.61509090909091,16.1586,T1067_AlphaFold,YMDB01109,THR,238,CA,20.81664939194364,-2.6,-1.2178545454545455,2.588290909090909,20.645036363636365
T1067_Target,YMDB01110,GLY,62,CA,7.783948910687838,-1.3,67.5544736842105,40.32138596491228,18.03224561403509,T1067_AlphaFold,YMDB01110,GLY,62,CA,32.26097627453657,-1.9,-20.30878947368421,-18.821859649122807,-9.81643859649123
T1067_Target,YMDB01122,GLN,79,CA,6.480955447410695,-2.3,42.147810810810796,28.107324324324317,19.762729729729735,T1067_AlphaFold,YMDB01122,GLN,79,CA,32.45873927977762,-2.7,-7.867027027027028,3.6860540540540536,17.706297297297297
T1067_Target,YMDB01123,TYR,57,CA,8.35436832979728,-2.4,52.17897297297297,36.64237837837836,0.6562702702702704,T1067_AlphaFold,YMDB01123,TYR,57,CA,33.58276677587574,-2.6,-3.420297297297297,16.841,-14.769864864864868
T1067_Target,YMDB01124,TYR,264,CA,3.7668722356674387,-2.5,74.98394871794873,33.3971282051282,14.805102564102562,T1067_AlphaFold,YMDB01124,TYR,264,CA,25.073049134375463,-3.3,-4.175999999999999,11.925512820512823,2.603128205128206
T1067_Target,YMDB01125,THR,177,CA,7.09657168250773,-2.8,51.95310256410255,34.48533333333334,0.01810256410256393,T1067_AlphaFold,YMDB01125,THR,177,CA,22.692381323522433,-3.0,5.785589743589743,19.45951282051282,1.6623333333333334
T1067_Target,YMDB01127,THR,102,CA,6.539133239375699,-2.6,49.96526829268293,14.969634146341466,20.904219512195123,T1067_AlphaFold,YMDB01127,THR,102,CA,28.853715553321805,-2.5,-14.7079756097561,-1.3950975609756098,9.954951219512196
T1067_Target,YMDB01128,GLU,117,CA,4.393928469964784,-3.1,76.65678048780487,26.464243902439026,-0.6397317073170732,T1067_AlphaFold,YMDB01128,GLU,117,CA,25.340149245884252,-3.2,-16.116756097560977,-8.743512195121948,8.231512195121951
T1067_Target,YMDB01129,ASP,118,CA,5.211518644859881,-3.0,77.46876744186049,30.85497674418605,-2.7348604651162787,T1067_AlphaFold,YMDB01129,ASP,118,CA,32.74207521498065,-2.9,-9.285186046511631,3.403,-16.89
T1067_Target,YMDB01132,VAL,125,CA,4.100325601645091,-2.4,61.35055555555556,17.21564444444444,-19.103933333333337,T1067_AlphaFold,YMDB01132,VAL,125,CA,21.21121372810286,-3.2,-8.064444444444447,8.059444444444447,9.854955555555557
T1067_Target,YMDB01155,VAL,249,CA,6.333670728436243,-3.0,40.6568,37.482425,17.681525,T1067_AlphaFold,YMDB01155,VAL,249,CA,10.550038665835544,-2.4,-18.198175000000003,-15.128599999999995,10.8466
T1067_Target,YMDB01156,VAL,53,CA,6.001070587663918,-2.5,73.2796,39.553875,0.5708500000000001,T1067_AlphaFold,YMDB01156,VAL,53,CA,35.57927058874135,-3.8,-10.481974999999997,-14.572725000000002,-13.458775
T1067_Target,YMDB01158,TYR,57,CA,7.0237602200852205,-3.2,53.402690476190486,36.441261904761916,1.6748095238095235,T1067_AlphaFold,YMDB01158,TYR,57,CA,15.485722254251742,-2.7,-7.674785714285716,9.916404761904762,16.118380952380953
T1067_Target,YMDB01159,THR,238,CA,5.485372273978044,-2.6,61.7582380952381,41.20828571428573,17.078809523809518,T1067_AlphaFold,YMDB01159,THR,238,CA,19.718038382899582,-1.9,10.375047619047622,-6.714952380952381,13.92278571428571
T1067_Target,YMDB01161,ASN,103,CA,5.486717580565294,-2.6,48.82025000000001,17.25022727272727,22.026113636363636,T1067_AlphaFold,YMDB01161,ASN,103,CA,27.757161334187757,-2.1,-17.981931818181817,-16.84156818181818,10.359568181818178
